0 222
0 273
1 351
1 896
2 627
2 588
2 83
3 196
3 107
3 385
4 762
4 333
5 545
5 707
5 913
6 693
6 958
7 522
7 262
8 981
8 49
9 589
9 81
10 273
10 222
11 930
11 600
12 326
12 192
13 401
13 363
14 594
14 504
15 713
15 676
16 958
16 635
17 889
17 314
18 847
18 48
19 749
19 475
20 720
20 638
21 796
21 213
22 305
22 989
23 891
23 54
24 734
24 172
25 750
25 443
26 910
26 685
27 704
27 957
28 194
28 750
29 251
29 405
30 400
30 175
30 367
31 136
31 233
32 895
32 259
33 350
33 287
34 400
34 175
34 367
35 899
35 146
36 625
36 60
37 863
37 714
38 516
38 897
39 401
39 363
40 427
40 810
41 492
41 350
42 126
42 592
43 522
43 769
44 487
44 887
45 567
45 421
46 366
46 186
47 401
47 363
48 133
48 990
49 981
50 880
50 832
51 949
51 131
52 956
52 369
53 437
53 250
54 891
55 258
55 637
56 931
56 788
57 106
57 294
58 896
58 289
59 568
59 765
60 522
60 625
61 248
62 412
62 346
63 400
63 175
63 367
64 722
64 317
65 714
66 633
66 901
67 366
67 824
68 304
68 300
69 101
69 286
70 968
70 930
71 117
71 407
72 978
72 722
73 936
73 297
74 195
74 789
75 545
75 707
75 913
76 673
77 365
77 615
78 755
78 438
79 639
79 792
80 400
80 175
80 367
81 589
82 235
82 966
83 627
83 588
84 581
84 448
85 635
85 120
86 401
86 363
87 626
87 816
88 115
88 95
89 141
89 391
90 810
91 937
91 952
92 567
93 815
93 199
94 95
94 115
95 115
96 842
96 766
97 573
97 763
98 187
98 946
99 400
99 175
99 367
100 829
100 122
101 262
102 981
103 373
103 444
104 400
104 175
104 367
105 269
105 571
106 368
106 845
107 196
107 385
108 725
108 980
109 614
109 219
110 605
110 116
111 784
111 802
112 951
112 381
113 545
113 707
113 913
114 240
114 336
116 891
117 476
117 479
118 400
118 175
118 367
119 874
119 331
120 685
121 590
121 229
122 829
123 400
123 175
123 367
124 400
124 175
124 367
125 400
125 175
125 367
126 282
126 811
127 332
127 334
127 999
128 355
128 485
129 400
129 175
129 367
130 400
130 175
130 367
131 949
131 943
132 366
132 824
133 325
133 951
134 401
134 363
135 507
135 472
136 838
136 302
137 374
137 543
138 665
139 400
139 175
139 367
140 219
140 658
141 671
141 391
142 738
142 783
143 494
143 895
144 722
144 978
145 405
146 899
147 668
147 929
148 264
148 789
149 631
149 150
150 301
150 565
151 209
151 679
152 281
152 661
153 629
153 408
154 804
154 995
155 627
155 588
156 234
156 267
157 303
157 320
158 548
158 540
159 798
160 799
160 672
161 206
161 496
162 534
162 291
163 400
163 175
163 367
164 300
165 288
165 324
166 759
166 422
167 665
168 778
168 399
169 979
169 358
170 398
170 961
171 991
171 303
172 640
173 538
173 274
174 258
174 637
175 400
175 367
176 400
176 367
177 532
177 667
178 654
178 701
179 400
179 367
180 259
180 453
181 400
181 367
182 400
182 367
183 400
183 367
184 400
184 367
185 304
185 527
186 949
186 943
187 946
188 297
188 207
189 998
189 996
190 400
190 367
191 478
191 521
192 326
193 949
194 741
194 704
195 654
196 385
197 219
197 832
198 353
198 496
199 391
200 746
200 748
201 697
201 973
202 583
202 881
203 369
203 847
204 995
204 447
205 240
205 476
206 496
206 353
207 936
208 827
208 217
209 831
209 679
210 331
210 874
211 635
212 400
212 367
213 796
214 591
214 599
215 564
215 743
216 400
216 367
217 827
218 287
219 880
220 605
220 849
221 516
221 855
222 273
223 373
223 432
224 736
224 911
225 449
225 964
226 963
226 467
227 400
227 367
228 695
228 772
228 711
229 590
230 627
230 588
231 273
231 987
232 400
232 367
234 267
235 740
236 720
237 258
237 637
238 826
238 539
239 695
239 772
239 711
240 476
241 404
241 764
242 537
242 328
243 788
244 807
244 445
245 681
245 652
246 466
246 486
247 695
247 772
247 711
249 314
249 664
250 796
251 812
251 744
252 633
252 623
253 364
253 773
254 400
254 367
255 400
255 367
256 257
256 537
257 811
257 546
258 637
259 453
259 260
260 453
261 400
261 367
262 804
263 400
263 367
264 845
264 789
265 829
265 404
266 637
267 938
268 961
269 571
270 400
270 367
271 712
271 283
272 971
272 974
274 538
275 999
275 550
276 693
277 936
278 496
278 396
279 400
279 367
280 400
280 367
281 572
281 830
282 811
282 994
283 712
284 487
284 933
285 400
285 367
286 522
286 625
287 350
288 455
288 519
289 523
290 782
291 534
292 377
292 840
293 809
293 381
294 686
295 343
295 526
296 660
296 626
297 686
298 514
298 856
299 628
299 904
300 950
300 419
301 565
301 649
302 838
303 991
304 544
304 969
305 847
306 786
306 761
307 767
307 351
308 589
308 624
309 400
309 367
310 943
311 737
311 922
312 400
312 367
313 448
313 581
315 400
315 367
316 400
316 367
317 465
318 361
318 732
319 595
319 345
320 991
321 588
322 809
323 358
323 979
324 463
325 859
327 878
328 537
329 857
329 517
330 513
330 912
331 874
332 657
333 853
333 503
334 524
334 649
335 345
337 756
338 400
338 367
339 362
339 387
340 474
340 762
341 451
341 938
342 889
342 876
343 673
343 392
344 400
344 367
345 595
346 412
346 468
347 695
347 772
347 711
348 400
348 367
349 400
349 367
350 492
351 960
351 896
352 929
353 496
354 972
355 485
355 836
356 400
356 367
357 473
357 629
358 979
359 682
360 680
361 732
362 818
362 935
363 401
364 773
365 615
366 824
367 400
368 529
370 946
371 400
372 385
373 444
374 543
375 400
376 606
376 883
377 840
378 462
378 986
379 400
380 745
380 605
382 742
382 859
383 627
383 588
384 400
386 637
387 935
388 606
388 727
389 435
390 971
392 893
392 783
393 912
393 513
394 898
394 503
395 989
396 668
397 714
397 863
398 497
403 754
403 708
404 775
406 674
407 875
407 718
408 780
409 765
409 633
410 525
410 808
411 449
411 964
412 468
413 793
413 567
414 594
414 620
416 640
416 569
418 477
418 932
419 544
419 950
420 695
420 772
420 711
421 793
422 576
422 759
424 695
424 772
424 711
425 848
425 598
427 870
429 738
429 482
430 605
431 467
431 630
433 456
433 974
434 988
434 926
436 691
438 755
440 695
440 772
440 711
441 664
442 637
443 750
445 807
446 672
447 611
447 995
448 581
449 964
450 994
451 938
454 984
454 474
455 519
458 884
458 678
459 877
459 469
460 686
462 986
463 519
464 632
464 768
466 486
467 963
470 926
470 988
471 706
471 726
472 507
473 629
474 984
475 749
477 932
477 560
478 984
480 747
480 610
481 687
482 738
483 611
484 873
485 836
487 988
488 864
491 833
491 636
493 509
493 770
494 994
498 627
498 588
499 962
499 736
500 656
502 964
503 853
504 594
505 603
505 709
506 637
508 826
508 692
509 569
510 940
510 835
511 803
512 760
513 693
513 912
514 856
515 545
515 707
515 913
516 897
517 857
518 708
520 607
522 625
523 597
524 753
525 748
526 673
527 956
527 814
528 539
530 635
530 910
531 968
531 930
532 667
533 670
535 994
536 736
538 917
539 826
540 548
541 939
541 647
542 740
542 643
545 707
545 913
546 811
547 927
547 833
550 854
551 947
552 899
556 663
557 840
558 839
558 582
559 643
560 786
561 718
562 797
563 707
563 913
564 743
565 649
567 793
568 667
569 640
570 815
572 767
573 763
575 973
576 769
576 759
578 985
580 849
586 596
586 885
588 627
589 624
591 807
591 599
592 654
593 623
596 885
598 685
599 807
600 812
601 695
601 772
601 711
603 709
604 741
605 745
606 616
606 883
607 879
609 695
609 772
609 711
610 747
616 788
618 932
619 946
620 940
622 853
622 991
623 765
628 891
632 768
633 765
636 646
638 720
639 792
641 695
641 772
641 711
644 903
647 739
652 731
653 771
653 700
657 823
658 880
659 841
660 683
664 947
669 899
670 807
670 686
671 958
672 799
674 826
675 801
675 749
676 713
677 695
677 772
677 711
678 884
683 813
684 863
684 945
688 933
690 970
690 892
692 826
693 912
694 907
694 933
695 772
695 711
696 706
697 973
698 767
699 793
700 771
702 953
702 924
703 707
703 913
704 957
705 981
706 960
707 913
711 772
712 920
712 834
713 744
714 863
718 875
723 963
724 780
725 782
725 980
726 960
729 873
731 909
733 766
733 842
735 827
736 962
737 922
741 957
744 812
746 748
751 864
751 879
756 878
757 946
762 892
774 802
777 936
778 910
782 947
788 931
790 852
790 864
791 990
791 974
795 972
800 913
803 914
811 994
814 956
825 847
825 869
828 880
834 920
835 940
846 854
846 999
852 864
858 860
859 951
864 875
867 879
868 902
871 968
871 930
882 970
882 892
886 974
889 904
907 933
907 915
908 911
911 917
915 977
924 953
925 936
926 988
930 968
934 940
937 952
937 942
942 993
970 989
996 998
