0 121
0 10
0 222
0 273
1 960
1 58
1 351
1 896
2 498
2 155
2 588
2 627
2 83
3 372
3 107
3 196
3 385
4 364
4 503
4 762
4 333
5 563
5 75
5 545
5 707
5 913
6 893
6 912
6 693
6 958
7 60
7 576
7 522
7 262
8 102
8 705
8 981
8 49
9 612
9 624
9 589
9 81
10 231
10 222
10 273
11 70
11 531
11 600
11 930
12 328
12 803
12 326
12 192
13 645
13 39
13 401
13 363
14 29
14 405
14 594
14 504
15 968
15 676
15 713
16 120
16 530
16 958
16 635
17 116
17 904
17 314
17 889
18 742
18 133
18 847
18 48
19 791
19 823
19 749
19 475
20 693
20 276
20 720
20 638
21 453
21 213
21 537
21 796
22 847
22 970
22 305
22 989
23 605
23 116
23 891
23 54
24 45
24 640
24 734
24 172
25 943
25 28
25 750
25 443
26 84
26 598
26 910
26 685
27 548
27 741
27 704
27 957
28 548
28 540
28 194
28 750
29 812
29 251
29 744
29 405
30 384
30 379
30 400
30 175
30 367
31 302
31 233
31 136
31 838
32 260
32 257
32 259
32 895
33 41
33 492
33 350
33 287
34 384
34 379
34 400
34 175
34 367
35 669
35 552
35 899
35 146
36 286
36 522
36 625
36 60
37 397
37 65
37 863
37 714
38 137
38 543
38 516
38 897
39 645
39 401
39 363
40 811
40 870
40 427
40 810
41 287
41 492
41 350
42 282
42 654
42 126
42 592
43 625
43 576
43 522
43 769
44 470
44 988
44 487
44 887
45 567
45 172
45 421
46 824
46 67
46 366
46 186
47 645
47 401
47 363
48 859
48 990
48 325
48 133
49 102
49 705
49 981
50 197
50 219
50 880
50 832
51 193
51 943
51 949
51 131
52 105
52 269
52 369
52 956
53 771
53 806
53 437
53 250
54 116
54 628
54 891
55 884
55 174
55 258
55 637
56 931
56 788
56 243
57 297
57 936
57 294
57 106
58 523
58 896
58 289
59 633
59 409
59 568
59 765
60 286
60 522
60 625
61 374
61 248
61 233
62 993
62 412
62 468
62 346
63 384
63 379
63 400
63 175
63 367
64 739
64 860
64 722
64 317
65 863
65 714
65 535
66 399
66 409
66 633
66 901
67 949
67 193
67 366
67 824
68 544
68 969
68 300
68 304
69 625
69 101
69 286
70 531
70 871
70 968
70 930
71 205
71 875
71 117
71 407
72 647
72 722
72 978
73 985
73 460
73 297
73 936
74 633
74 789
74 195
75 563
75 545
75 707
75 913
76 465
76 673
77 519
77 463
77 615
77 365
78 563
78 515
78 755
78 438
79 924
79 702
79 792
79 639
80 384
80 379
80 400
80 175
80 367
81 612
81 589
81 624
82 740
82 766
82 966
82 235
83 498
83 155
83 588
83 627
84 535
84 397
84 581
84 448
85 635
85 685
85 120
86 645
86 401
86 363
87 826
87 674
87 626
87 816
88 789
88 115
88 95
88 94
89 530
89 671
89 141
89 391
90 831
90 679
90 810
91 942
91 993
91 937
91 952
92 615
92 413
92 567
93 429
93 570
93 199
93 815
94 95
94 115
95 471
95 115
96 766
96 842
96 966
97 524
97 138
97 573
97 763
98 370
98 619
98 187
98 946
99 384
99 379
99 400
99 175
99 367
100 361
100 138
100 829
100 122
101 286
101 262
102 705
102 981
103 712
103 108
103 444
103 373
104 384
104 379
104 400
104 175
104 367
105 305
105 742
105 571
105 269
106 460
106 368
106 845
107 372
107 196
107 385
108 416
108 725
108 782
108 980
109 140
109 658
109 614
109 219
110 380
110 891
110 605
110 116
111 609
111 601
111 784
111 802
112 809
112 951
112 293
112 381
113 563
113 545
113 707
113 913
114 205
114 240
114 476
114 336
115 471
116 380
116 605
116 891
117 476
117 240
117 479
118 384
118 379
118 400
118 175
118 367
119 672
119 210
119 874
119 331
120 598
120 635
120 685
121 358
121 905
121 590
121 229
122 361
122 829
122 138
123 384
123 379
123 400
123 175
123 367
124 384
124 379
124 400
124 175
124 367
125 384
125 379
125 400
125 175
125 367
126 994
126 282
126 811
127 333
127 330
127 332
127 334
127 999
128 836
128 580
128 355
128 485
129 384
129 379
129 400
129 175
129 367
130 384
130 379
130 400
130 175
130 367
131 193
131 949
131 943
132 193
132 366
132 824
133 381
133 951
133 325
134 645
134 401
134 363
135 498
135 230
135 507
135 472
136 233
136 838
136 302
137 897
137 543
137 374
138 333
138 665
138 763
139 384
139 379
139 400
139 175
139 367
140 944
140 880
140 219
140 658
141 500
141 671
141 391
142 482
142 783
142 738
143 656
143 259
143 494
143 895
144 647
144 541
144 722
144 978
145 504
145 405
146 669
146 552
146 899
147 396
147 352
147 929
147 668
148 471
148 706
148 264
148 789
149 646
149 631
149 150
150 753
150 649
150 301
150 565
151 397
151 209
151 679
151 684
152 572
152 767
152 281
152 661
153 780
153 473
153 629
153 408
154 995
154 262
154 804
155 498
155 588
155 627
156 350
156 234
156 267
157 171
157 991
157 303
157 320
158 741
158 704
158 548
158 540
159 388
159 798
159 866
160 514
160 446
160 799
160 672
161 353
161 198
161 496
161 206
162 964
162 449
162 534
162 291
163 384
163 379
163 400
163 175
163 367
164 950
164 419
164 300
165 519
165 455
165 288
165 324
166 611
166 192
166 422
166 759
167 340
167 454
167 665
168 910
168 701
168 778
168 399
169 590
169 323
169 979
169 358
170 967
170 961
170 497
170 398
171 732
171 318
171 991
171 303
172 734
172 640
173 917
173 911
173 538
173 274
174 884
174 258
174 637
175 384
175 379
175 400
175 367
176 384
176 379
176 400
176 367
177 667
177 568
177 532
178 592
178 399
178 701
178 654
179 384
179 379
179 400
179 367
180 436
180 260
180 453
180 259
181 384
181 379
181 400
181 367
182 384
182 379
182 400
182 367
183 384
183 379
183 400
183 367
184 384
184 379
184 400
184 367
185 969
185 304
185 544
185 527
186 193
186 949
186 943
187 370
187 619
187 946
188 936
188 207
188 985
188 297
189 274
189 538
189 996
189 998
190 384
190 379
190 400
190 367
191 454
191 984
191 521
191 478
192 422
192 483
192 326
193 949
194 957
194 704
194 741
195 535
195 654
196 372
196 385
197 880
197 614
197 219
197 832
198 638
198 353
198 496
199 815
199 391
200 525
200 746
200 748
201 575
201 831
201 697
201 973
202 217
202 208
202 583
202 881
203 825
203 305
203 847
203 369
204 236
204 804
204 995
204 447
205 746
205 479
205 476
205 240
206 278
206 496
206 353
207 297
207 985
207 936
208 735
208 217
208 827
209 684
209 679
209 831
210 800
210 331
210 707
210 874
211 530
211 685
211 635
212 384
212 379
212 400
212 367
213 250
213 256
213 796
214 567
214 591
214 807
214 599
215 825
215 359
215 564
215 743
216 384
216 379
216 400
216 367
217 735
217 827
218 492
218 350
218 287
219 832
219 614
219 880
220 580
220 605
220 849
220 380
221 897
221 855
221 516
222 231
222 273
223 444
223 373
223 432
224 962
224 499
224 736
224 911
225 411
225 502
225 449
225 964
226 659
226 723
226 467
226 963
227 384
227 379
227 400
227 367
228 247
228 347
228 695
228 772
228 711
229 358
229 905
229 590
230 498
230 588
230 627
231 987
231 273
232 384
232 379
232 400
232 367
233 302
233 838
234 350
234 938
234 267
235 542
235 966
235 740
236 638
236 720
237 884
237 258
237 637
238 508
238 692
238 826
238 539
239 247
239 347
239 695
239 772
239 711
240 479
240 476
241 775
241 818
241 404
241 764
242 399
242 328
242 537
242 914
243 855
243 788
244 599
244 591
244 807
244 445
245 494
245 652
245 681
246 890
246 716
246 466
246 486
247 347
247 695
247 772
247 711
248 302
249 947
249 782
249 314
249 664
250 437
250 796
251 600
251 812
251 744
252 409
252 765
252 623
252 633
253 898
253 773
253 882
253 364
254 384
254 379
254 400
254 367
255 384
255 379
255 400
255 367
256 546
256 257
256 537
257 994
257 282
257 546
257 811
258 884
258 637
259 537
259 453
259 260
260 453
260 537
261 384
261 379
261 400
261 367
262 804
263 384
263 379
263 400
263 367
264 529
264 845
264 789
265 775
265 829
265 404
266 884
266 637
267 451
267 938
268 518
268 398
268 961
269 984
269 742
269 571
270 384
270 379
270 400
270 367
271 920
271 834
271 283
271 712
272 456
272 886
272 971
272 974
274 996
274 538
275 880
275 854
275 999
275 550
276 575
276 638
276 693
277 925
277 936
277 845
278 806
278 496
278 396
278 353
279 384
279 379
279 400
279 367
280 384
280 379
280 400
280 367
281 698
281 830
281 572
282 546
282 994
282 811
283 920
283 834
283 712
284 761
284 688
284 487
284 933
285 384
285 379
285 400
285 367
286 522
286 625
287 492
287 350
288 324
288 455
288 463
288 519
289 406
289 896
289 523
290 980
290 725
290 782
291 449
291 964
291 534
292 557
292 377
292 840
293 951
293 809
293 381
294 297
294 767
294 686
295 820
295 343
295 673
295 526
296 683
296 816
296 660
296 626
297 985
297 686
298 672
298 856
298 514
299 377
299 889
299 628
299 904
300 304
300 544
300 950
300 419
301 753
301 524
301 565
301 649
302 838
303 318
303 361
303 991
304 950
304 969
304 544
304 419
305 970
305 989
305 847
306 907
306 761
306 786
307 896
307 767
307 960
307 351
308 624
308 589
309 384
309 379
309 400
309 367
310 443
310 943
311 934
311 922
311 446
311 737
312 384
312 379
312 400
312 367
313 684
313 397
313 448
313 581
314 782
315 384
315 379
315 400
315 367
316 384
316 379
316 400
316 367
317 720
317 465
317 330
318 361
318 732
319 335
319 730
319 595
319 345
320 361
320 991
321 627
321 498
321 588
322 951
322 381
322 809
323 358
323 979
324 519
324 455
324 463
325 951
325 859
326 796
327 944
327 878
328 511
328 914
328 537
329 523
329 650
329 857
329 517
330 693
330 465
330 513
330 912
331 874
332 650
332 475
332 657
333 763
333 853
333 503
334 649
334 524
334 753
335 595
335 730
335 345
336 476
337 396
337 653
337 756
338 384
338 379
338 400
338 367
339 935
339 862
339 362
339 387
340 665
340 892
340 762
340 474
341 495
341 451
341 938
342 889
342 904
342 876
343 958
343 526
343 673
343 392
344 384
344 379
344 400
344 367
345 730
345 595
346 946
346 412
346 468
347 695
347 772
347 711
348 384
348 379
348 400
348 367
349 384
349 379
349 400
349 367
350 492
351 960
351 896
352 427
352 929
353 496
354 795
354 972
355 789
355 485
355 631
355 836
356 384
356 379
356 400
356 367
357 473
357 629
358 979
359 825
359 381
359 682
360 538
360 680
361 732
362 478
362 387
362 818
362 935
363 645
363 401
364 882
364 898
364 773
365 615
366 824
367 384
367 379
367 400
368 523
368 597
368 529
369 395
370 619
370 946
371 384
371 379
371 400
372 385
373 961
373 967
373 444
374 516
374 897
374 543
375 384
375 379
375 400
376 688
376 606
376 883
377 593
377 840
378 760
378 645
378 462
378 986
379 384
379 400
380 731
380 745
380 605
381 809
381 951
382 682
382 859
382 742
383 498
383 588
383 627
384 400
386 884
386 637
387 892
387 690
387 935
388 616
388 972
388 606
388 727
389 419
389 435
390 823
390 971
391 530
391 671
392 482
392 738
392 893
392 783
393 720
393 912
393 513
394 853
394 898
394 503
395 847
395 989
396 496
396 806
396 668
397 581
397 863
397 714
398 961
398 497
399 701
401 645
402 693
402 731
403 434
403 754
403 518
403 708
404 764
404 829
404 775
405 812
405 744
406 692
406 508
406 674
407 488
407 718
407 875
407 864
408 473
408 724
408 780
409 927
409 633
409 765
410 748
410 868
410 525
410 808
411 502
411 449
411 964
412 946
412 468
413 599
413 807
413 793
413 567
414 504
414 940
414 594
414 620
416 793
416 640
416 569
418 618
418 477
418 517
418 932
419 655
419 544
419 950
420 695
420 772
420 711
421 567
421 699
421 793
422 769
422 611
422 759
422 576
423 645
424 695
424 772
424 711
425 909
425 448
425 848
425 598
427 811
427 870
429 783
429 738
429 482
430 891
430 605
430 849
431 723
431 963
431 467
431 630
432 845
433 971
433 886
433 974
433 456
434 487
434 470
434 988
434 926
436 895
436 691
437 796
438 632
438 755
438 464
439 951
440 695
440 772
440 711
441 944
441 664
442 884
442 637
443 943
443 750
444 601
445 599
445 807
446 856
446 672
447 483
447 611
447 995
448 581
449 502
449 964
450 811
450 994
451 938
453 537
454 984
454 474
455 463
455 519
456 622
456 971
458 506
458 884
458 678
459 527
459 469
459 877
460 686
462 760
462 645
462 986
463 519
464 632
464 768
465 912
465 720
466 633
466 486
467 723
467 963
468 946
469 801
470 931
470 487
470 988
470 926
471 789
471 960
471 706
471 726
472 498
472 507
473 780
473 724
473 629
474 762
474 984
475 749
476 746
476 479
477 933
477 932
477 560
478 775
478 984
480 780
480 724
480 747
480 610
481 687
482 783
482 738
483 778
483 611
484 624
484 729
484 873
485 789
485 836
486 716
487 926
487 988
488 875
488 852
488 864
491 716
491 547
491 636
491 833
493 514
493 799
493 770
493 509
494 656
494 811
494 994
495 710
495 938
497 553
498 588
498 627
499 733
499 536
499 962
499 736
500 656
502 964
503 898
503 853
504 594
505 603
505 709
506 884
506 637
507 588
508 539
508 826
508 692
509 640
509 885
509 569
510 934
510 620
510 940
510 835
511 537
511 803
512 587
512 760
513 720
513 638
513 693
513 912
514 672
514 856
515 563
515 545
515 707
515 913
516 897
517 932
517 857
518 754
518 708
520 607
521 984
521 565
522 769
522 625
523 597
524 649
524 753
525 746
525 748
526 673
527 715
527 956
527 814
528 776
528 539
530 685
530 635
530 910
531 871
531 968
531 930
532 568
532 667
533 670
534 964
535 994
536 733
536 962
536 736
537 914
538 559
538 996
538 917
539 692
539 826
540 741
540 704
540 548
541 647
541 939
542 559
542 740
542 643
543 897
544 969
544 950
545 563
545 707
545 913
546 994
546 811
546 870
547 893
547 635
547 927
547 833
548 741
548 704
550 999
550 880
550 854
551 872
551 947
552 669
552 899
556 724
556 780
556 663
557 734
557 596
557 840
558 839
558 582
559 740
559 917
559 643
560 887
560 786
561 875
561 718
562 973
562 797
563 707
563 913
564 825
564 682
564 743
565 649
567 591
567 599
567 793
568 765
568 667
569 699
569 640
570 815
571 989
571 742
572 661
572 767
573 763
575 973
576 769
576 759
578 734
578 985
580 631
580 849
581 684
586 640
586 596
586 885
587 645
588 627
589 624
590 905
591 905
591 807
591 599
592 654
593 633
593 845
593 623
594 620
595 730
596 911
596 885
598 848
598 685
599 807
600 744
600 812
601 695
601 772
601 711
603 709
604 957
604 741
604 704
605 745
606 616
606 883
607 751
607 867
607 879
609 695
609 772
609 711
610 780
610 747
610 724
611 759
612 624
613 677
614 658
616 883
616 788
618 932
619 946
620 934
620 940
621 897
622 853
622 991
623 633
623 765
626 816
626 683
628 891
629 780
629 724
630 780
630 724
631 635
632 768
633 927
633 765
636 646
637 884
638 668
638 720
639 924
639 702
639 792
641 695
641 772
641 711
643 917
643 740
644 903
646 738
647 739
647 939
652 679
652 731
653 806
653 771
653 700
657 823
658 880
659 963
659 723
659 841
660 813
660 977
660 683
661 767
663 724
663 780
664 782
664 947
665 762
668 929
668 697
669 899
670 734
670 807
670 686
671 958
672 799
674 692
674 826
675 904
675 749
675 801
676 713
677 695
677 772
677 711
678 884
679 831
682 951
683 813
684 714
684 863
684 945
685 910
688 933
688 883
690 989
690 892
690 970
690 882
691 895
692 826
693 912
694 907
694 933
695 772
695 711
696 836
696 960
696 706
697 831
697 973
698 830
698 767
699 793
700 739
700 771
701 778
702 792
702 993
702 924
702 953
703 707
703 913
704 741
704 957
705 981
706 726
706 960
707 913
708 754
709 771
710 979
711 772
712 920
712 834
713 812
713 744
714 863
716 901
717 760
717 986
718 864
718 875
722 860
722 978
723 963
724 780
725 856
725 782
725 980
726 960
727 883
727 972
729 873
731 909
733 766
733 842
735 827
736 962
737 779
737 922
738 783
741 957
743 825
744 812
746 748
747 780
749 904
749 954
751 852
751 864
751 879
754 967
754 786
756 789
756 843
756 878
757 946
758 884
759 769
761 933
762 882
762 892
764 775
766 842
770 842
773 898
773 882
774 802
775 829
776 826
777 830
777 936
778 910
779 799
782 980
782 947
783 893
788 931
790 852
790 864
791 886
791 990
791 974
792 993
793 807
795 855
795 972
798 972
798 866
800 913
803 914
807 979
810 870
811 870
811 994
814 956
825 869
825 847
828 846
828 880
832 880
833 927
834 920
835 856
835 940
839 871
839 930
841 963
842 966
843 980
846 854
846 999
847 869
848 909
852 875
852 864
854 999
855 897
858 860
859 951
864 875
867 879
868 902
869 989
871 968
871 930
882 970
882 892
886 971
886 974
887 988
889 904
907 933
907 915
908 911
911 962
911 917
915 977
922 934
924 942
924 993
924 953
925 936
926 988
930 968
934 940
937 993
937 952
937 942
942 953
942 993
947 980
953 993
961 967
970 989
971 991
996 998
