0 590
0 10
0 121
0 222
0 273
1 289
1 960
1 58
1 351
1 896
2 230
2 498
2 155
2 588
2 627
2 83
3 741
3 372
3 107
3 196
3 385
4 898
4 762
4 503
4 333
4 364
5 563
5 75
5 545
5 707
5 913
6 778
6 893
6 912
6 693
6 958
7 759
7 262
7 522
7 576
7 60
8 335
8 102
8 705
8 981
8 49
9 308
9 589
9 612
9 624
9 81
10 615
10 231
10 222
10 273
11 968
11 70
11 531
11 600
11 930
12 511
12 328
12 803
12 192
12 326
13 760
13 645
13 39
13 401
13 363
14 582
14 29
14 405
14 594
14 504
15 70
15 968
15 676
15 713
16 211
16 120
16 530
16 958
16 635
17 342
17 116
17 904
17 314
17 889
18 305
18 48
18 742
18 133
18 847
19 749
19 791
19 823
19 475
20 513
20 693
20 276
20 720
20 638
21 260
21 453
21 213
21 537
21 796
22 690
22 847
22 970
22 305
22 989
23 380
23 605
23 116
23 891
23 54
24 214
24 45
24 640
24 734
24 172
25 131
25 943
25 28
25 750
25 443
26 448
26 598
26 84
26 910
26 685
27 158
27 548
27 741
27 704
27 957
28 158
28 548
28 540
28 194
28 750
29 812
29 251
29 744
29 405
30 176
30 384
30 379
30 400
30 175
30 367
31 248
31 302
31 233
31 136
31 838
32 260
32 257
32 259
32 895
33 218
33 287
33 492
33 41
33 350
34 176
34 384
34 379
34 400
34 175
34 367
35 345
35 669
35 552
35 899
35 146
36 797
36 286
36 522
36 625
36 60
37 684
37 397
37 65
37 863
37 714
38 221
38 137
38 543
38 516
38 897
39 760
39 645
39 401
39 363
40 929
40 811
40 870
40 427
40 810
41 218
41 492
41 287
41 350
42 994
42 282
42 654
42 126
42 592
43 286
43 625
43 576
43 522
43 769
44 284
44 470
44 988
44 487
44 887
45 413
45 567
45 172
45 421
46 193
46 824
46 67
46 366
46 186
47 760
47 645
47 401
47 363
48 989
48 859
48 990
48 325
48 133
49 335
49 102
49 705
49 981
50 658
50 197
50 219
50 880
50 832
51 310
51 193
51 943
51 949
51 131
52 571
52 105
52 269
52 369
52 956
53 796
53 771
53 806
53 437
53 250
54 605
54 116
54 628
54 891
55 758
55 884
55 174
55 258
55 637
56 616
56 931
56 788
56 243
57 73
57 297
57 936
57 294
57 106
58 351
58 896
58 523
58 289
59 623
59 633
59 409
59 568
59 765
60 286
60 522
60 625
61 926
61 374
61 248
61 233
62 702
62 993
62 412
62 468
62 346
63 176
63 384
63 379
63 400
63 175
63 367
64 72
64 739
64 860
64 722
64 317
65 397
65 863
65 714
65 535
66 716
66 399
66 409
66 633
66 901
67 132
67 366
67 824
67 193
67 949
68 419
68 544
68 969
68 300
68 304
69 522
69 625
69 101
69 286
70 705
70 531
70 871
70 968
70 930
71 240
71 205
71 875
71 117
71 407
72 144
72 647
72 722
72 978
73 686
73 460
73 936
73 297
73 985
74 355
74 633
74 789
74 195
75 563
75 545
75 707
75 913
76 720
76 465
76 673
77 288
77 519
77 463
77 615
77 365
78 113
78 563
78 755
78 515
78 438
79 953
79 924
79 702
79 792
79 639
80 176
80 384
80 379
80 400
80 175
80 367
81 308
81 612
81 589
81 624
82 96
82 740
82 766
82 966
82 235
83 230
83 498
83 155
83 588
83 627
84 151
84 448
84 397
84 535
84 581
85 783
85 635
85 685
85 120
86 760
86 645
86 401
86 363
87 692
87 826
87 674
87 626
87 816
88 264
88 789
88 115
88 95
88 94
89 635
89 530
89 671
89 141
89 391
90 151
90 831
90 679
90 810
91 694
91 942
91 993
91 937
91 952
92 793
92 615
92 413
92 567
93 482
93 429
93 570
93 199
93 815
94 150
94 95
94 115
95 726
95 471
95 115
96 733
96 766
96 842
96 966
97 753
97 573
97 138
97 524
97 763
98 757
98 370
98 619
98 187
98 946
99 176
99 384
99 379
99 400
99 175
99 367
100 665
100 138
100 361
100 829
100 122
101 848
101 286
101 262
102 335
102 705
102 981
103 834
103 712
103 108
103 444
103 373
104 176
104 384
104 379
104 400
104 175
104 367
105 305
105 742
105 571
105 269
106 767
106 368
106 460
106 845
107 741
107 372
107 196
107 385
108 569
108 416
108 725
108 782
108 980
109 880
109 140
109 658
109 614
109 219
110 849
110 380
110 891
110 605
110 116
111 711
111 609
111 601
111 784
111 802
112 133
112 809
112 951
112 293
112 381
113 563
113 545
113 707
113 913
114 746
114 205
114 240
114 476
114 336
115 706
115 471
116 380
116 605
116 891
117 488
117 476
117 240
117 479
118 176
118 384
118 379
118 400
118 175
118 367
119 160
119 672
119 210
119 874
119 331
120 211
120 635
120 598
120 685
121 323
121 358
121 905
121 590
121 229
122 404
122 361
122 829
122 138
123 176
123 384
123 379
123 400
123 175
123 367
124 176
124 384
124 379
124 400
124 175
124 367
125 176
125 384
125 379
125 400
125 175
125 367
126 870
126 282
126 994
126 811
127 331
127 333
127 330
127 332
127 334
127 999
128 631
128 836
128 580
128 355
128 485
129 176
129 384
129 379
129 400
129 175
129 367
130 176
130 384
130 379
130 400
130 175
130 367
131 443
131 193
131 949
131 943
132 949
132 193
132 366
132 824
133 859
133 381
133 951
133 325
134 760
134 645
134 401
134 363
135 155
135 498
135 230
135 472
135 507
136 248
136 233
136 838
136 302
137 516
137 897
137 543
137 374
138 333
138 665
138 763
139 176
139 384
139 379
139 400
139 175
139 367
140 944
140 880
140 219
140 658
141 168
141 671
141 500
141 391
142 635
142 482
142 783
142 738
143 436
143 494
143 259
143 656
143 895
144 739
144 647
144 541
144 722
144 978
145 582
145 504
145 405
146 345
146 669
146 552
146 899
147 806
147 396
147 352
147 929
147 668
148 960
148 264
148 706
148 471
148 789
149 204
149 631
149 646
149 150
150 524
150 753
150 649
150 565
150 301
151 863
151 397
151 209
151 679
151 684
152 698
152 572
152 767
152 281
152 661
153 724
153 629
153 408
153 473
153 780
154 447
154 995
154 262
154 804
155 230
155 498
155 588
155 627
156 492
156 350
156 234
156 267
157 622
157 171
157 991
157 303
157 320
158 741
158 704
158 548
158 540
159 702
159 388
159 798
159 866
160 298
160 514
160 446
160 799
160 672
161 973
161 353
161 198
161 496
161 206
162 225
162 964
162 449
162 534
162 291
163 176
163 384
163 379
163 400
163 175
163 367
164 544
164 950
164 419
164 300
165 463
165 519
165 455
165 288
165 324
166 505
166 611
166 192
166 422
166 759
167 762
167 665
167 454
167 340
168 530
168 910
168 701
168 778
168 399
169 229
169 590
169 323
169 979
169 358
170 699
170 967
170 961
170 497
170 398
171 622
171 991
171 732
171 318
171 303
172 416
172 640
172 734
173 360
173 911
173 538
173 917
173 274
174 758
174 884
174 258
174 637
175 176
175 384
175 379
175 400
175 367
176 384
176 379
176 400
176 367
177 667
177 568
177 532
178 592
178 399
178 701
178 654
179 384
179 379
179 400
179 367
180 500
180 436
180 260
180 453
180 259
181 384
181 379
181 400
181 367
182 384
182 379
182 400
182 367
183 384
183 379
183 400
183 367
184 384
184 379
184 400
184 367
185 419
185 969
185 304
185 544
185 527
186 949
186 193
186 943
187 757
187 946
187 370
187 619
188 277
188 936
188 207
188 985
188 297
189 235
189 274
189 538
189 996
189 998
190 384
190 379
190 400
190 367
191 474
191 454
191 984
191 521
191 478
192 422
192 326
192 483
193 366
193 949
194 385
194 957
194 704
194 741
195 592
195 535
195 654
196 741
196 372
196 385
197 880
197 614
197 219
197 832
198 206
198 638
198 353
198 496
199 671
199 815
199 391
200 902
200 748
200 746
200 525
201 668
201 831
201 575
201 697
201 973
202 663
202 583
202 881
202 208
202 217
203 742
203 825
203 305
203 847
203 369
204 236
204 804
204 995
204 447
205 875
205 746
205 479
205 476
205 240
206 496
206 278
206 353
207 277
207 936
207 297
207 985
208 472
208 735
208 217
208 827
209 945
209 684
209 679
209 831
210 545
210 800
210 331
210 707
210 874
211 530
211 685
211 635
212 384
212 379
212 400
212 367
213 537
213 796
213 256
213 250
214 793
214 567
214 591
214 807
214 599
215 825
215 359
215 564
215 743
216 384
216 379
216 400
216 367
217 472
217 735
217 827
218 492
218 350
218 287
219 832
219 614
219 880
220 925
220 580
220 605
220 849
220 380
221 243
221 897
221 855
221 516
222 231
222 273
223 373
223 432
223 444
224 536
224 962
224 499
224 736
224 911
225 888
225 411
225 502
225 449
225 964
226 841
226 659
226 723
226 467
226 963
227 384
227 379
227 400
227 367
228 677
228 247
228 347
228 695
228 772
228 711
229 323
229 358
229 905
229 590
230 498
230 588
230 627
231 324
231 273
231 987
232 384
232 379
232 400
232 367
233 248
233 302
233 838
234 267
234 350
234 938
235 643
235 542
235 966
235 740
236 447
236 720
236 638
237 758
237 884
237 258
237 637
238 674
238 508
238 826
238 539
238 692
239 677
239 247
239 347
239 695
239 772
239 711
240 746
240 479
240 476
241 265
241 764
241 775
241 818
241 404
242 511
242 399
242 328
242 537
242 914
243 616
243 855
243 788
244 591
244 599
244 807
244 445
245 714
245 494
245 652
245 681
246 801
246 466
246 890
246 716
246 486
247 677
247 347
247 695
247 772
247 711
248 838
248 302
249 980
249 782
249 664
249 314
249 947
250 771
250 796
250 437
251 600
251 812
251 744
252 409
252 765
252 623
252 633
253 859
253 898
253 773
253 882
253 364
254 384
254 379
254 400
254 367
255 384
255 379
255 400
255 367
256 546
256 257
256 537
257 870
257 994
257 282
257 546
257 811
258 758
258 884
258 637
259 656
259 453
259 260
259 537
260 453
260 537
261 384
261 379
261 400
261 367
262 995
262 804
263 384
263 379
263 400
263 367
264 572
264 845
264 789
264 529
265 334
265 775
265 829
265 404
266 758
266 884
266 637
267 807
267 451
267 938
268 497
268 398
268 518
268 961
269 690
269 984
269 742
269 571
270 384
270 379
270 400
270 367
271 977
271 920
271 834
271 283
271 712
272 433
272 456
272 886
272 971
272 974
273 615
274 917
274 996
274 538
275 846
275 880
275 854
275 999
275 550
276 425
276 575
276 638
276 693
277 925
277 936
277 845
278 806
278 496
278 396
278 353
279 384
279 379
279 400
279 367
280 384
280 379
280 400
280 367
281 767
281 698
281 830
281 572
282 870
282 546
282 994
282 811
283 977
283 920
283 834
283 712
284 883
284 761
284 688
284 487
284 933
285 384
285 379
285 400
285 367
286 769
286 522
286 625
287 492
287 350
288 903
288 324
288 455
288 463
288 519
289 406
289 896
289 523
290 444
290 980
290 725
290 782
291 502
291 964
291 449
291 534
292 734
292 557
292 377
292 840
293 322
293 951
293 809
293 381
294 460
294 297
294 767
294 686
295 983
295 820
295 343
295 673
295 526
296 977
296 683
296 816
296 660
296 626
297 936
297 985
297 686
298 446
298 672
298 856
298 514
299 597
299 377
299 889
299 628
299 904
300 969
300 304
300 544
300 950
300 419
301 334
301 753
301 524
301 565
301 649
302 838
303 732
303 318
303 361
303 991
304 732
304 950
304 969
304 544
304 419
305 690
305 970
305 989
305 847
306 933
306 761
306 786
306 907
307 896
307 767
307 960
307 351
308 484
308 624
308 589
309 384
309 379
309 400
309 367
310 443
310 943
311 672
311 934
311 922
311 446
311 737
312 384
312 379
312 400
312 367
313 945
313 448
313 397
313 684
313 581
314 596
314 782
315 384
315 379
315 400
315 367
316 384
316 379
316 400
316 367
317 393
317 720
317 465
317 330
318 991
318 361
318 732
319 981
319 335
319 730
319 595
319 345
320 361
320 991
321 588
321 498
321 627
322 951
322 381
322 809
323 590
323 358
323 979
324 903
324 519
324 455
324 463
325 381
325 951
325 859
326 796
327 944
327 878
328 399
328 511
328 914
328 537
329 597
329 523
329 650
329 857
329 517
330 393
330 912
330 693
330 513
330 465
331 416
331 874
332 876
332 650
332 475
332 657
333 622
333 763
333 853
333 503
334 565
334 649
334 524
334 753
335 595
335 730
335 345
336 746
336 476
337 668
337 396
337 653
337 756
338 384
338 379
338 400
338 367
339 935
339 387
339 362
339 862
340 690
340 665
340 892
340 762
340 474
341 495
341 451
341 938
342 889
342 904
342 876
343 673
343 958
343 526
343 392
344 384
344 379
344 400
344 367
345 981
345 730
345 595
346 946
346 412
346 468
347 677
347 695
347 772
347 711
348 384
348 379
348 400
348 367
349 384
349 379
349 400
349 367
350 492
351 767
351 960
351 896
352 427
352 929
353 496
354 408
354 795
354 972
355 789
355 485
355 631
355 836
356 384
356 379
356 400
356 367
357 855
357 473
357 629
358 590
358 979
359 825
359 381
359 682
360 911
360 538
360 680
361 991
361 732
362 474
362 478
362 387
362 818
362 935
363 760
363 645
363 401
364 892
364 882
364 898
364 773
365 591
365 615
366 824
367 384
367 379
367 400
368 460
368 529
368 523
368 597
369 395
370 952
370 619
370 946
371 384
371 379
371 400
372 741
372 385
373 528
373 961
373 967
373 444
374 516
374 897
374 543
375 384
375 379
375 400
376 933
376 688
376 606
376 883
377 460
377 840
377 593
378 923
378 760
378 645
378 462
378 986
379 384
379 400
380 731
380 745
380 605
381 809
381 951
382 571
382 682
382 859
382 742
383 498
383 588
383 627
384 400
385 741
386 758
386 884
386 637
387 984
387 690
387 892
387 935
388 883
388 616
388 606
388 972
388 727
389 950
389 419
389 435
390 657
390 971
390 823
391 530
391 671
392 482
392 893
392 738
392 783
393 638
393 912
393 720
393 513
394 622
394 853
394 898
394 503
395 715
395 989
395 847
396 806
396 496
396 668
397 684
397 581
397 863
397 714
398 699
398 961
398 497
399 914
399 701
401 760
401 645
402 693
402 731
403 528
403 434
403 754
403 518
403 708
404 764
404 829
404 775
405 744
405 812
406 826
406 508
406 692
406 674
407 852
407 488
407 718
407 875
407 864
408 629
408 473
408 724
408 780
409 568
409 927
409 633
409 765
410 746
410 808
410 525
410 748
410 868
411 888
411 502
411 449
411 964
412 946
412 468
413 591
413 599
413 807
413 793
413 567
414 934
414 504
414 940
414 594
414 620
416 793
416 640
416 569
418 708
418 618
418 477
418 517
418 932
419 655
419 544
419 950
420 677
420 695
420 772
420 711
421 567
421 699
421 793
422 769
422 611
422 759
422 576
423 760
423 645
424 677
424 695
424 772
424 711
425 909
425 448
425 848
425 598
427 546
427 811
427 870
429 646
429 482
429 783
429 738
430 891
430 605
430 849
431 663
431 723
431 963
431 467
431 630
432 572
432 845
433 886
433 974
433 971
433 456
434 487
434 470
434 988
434 926
435 527
436 895
436 691
437 803
437 796
438 768
438 632
438 755
438 464
439 809
439 951
440 677
440 695
440 772
440 711
441 944
441 664
442 758
442 884
442 637
443 540
443 943
443 750
444 609
444 601
445 591
445 599
445 807
446 835
446 856
446 672
447 995
447 483
447 611
448 863
448 581
449 888
449 502
449 964
450 546
450 811
450 994
451 938
453 796
453 537
454 690
454 984
454 474
455 903
455 463
455 519
456 622
456 971
458 506
458 884
458 678
459 715
459 527
459 469
459 877
460 686
462 923
462 760
462 645
462 986
463 903
463 519
464 755
464 632
464 768
465 912
465 720
466 765
466 633
466 486
467 630
467 723
467 963
468 946
469 716
469 801
470 931
470 487
470 988
470 926
471 696
471 789
471 960
471 706
471 726
472 498
472 507
473 780
473 724
473 629
474 690
474 762
474 984
475 657
475 749
476 748
476 746
476 479
477 694
477 933
477 932
477 560
478 665
478 775
478 984
480 629
480 610
480 780
480 747
480 724
481 687
482 646
482 783
482 738
483 995
483 778
483 611
484 589
484 624
484 729
484 873
485 836
485 789
486 716
487 926
487 988
488 718
488 875
488 852
488 864
491 801
491 716
491 547
491 636
491 833
493 514
493 799
493 770
493 509
494 870
494 656
494 811
494 994
495 710
495 938
497 793
497 553
498 588
498 627
499 766
499 962
499 733
499 536
499 736
500 895
500 656
502 888
502 964
503 622
503 898
503 853
504 594
505 603
505 709
506 758
506 884
506 637
507 588
508 674
508 539
508 826
508 692
509 586
509 640
509 885
509 569
510 934
510 620
510 940
510 835
511 914
511 537
511 803
512 587
512 760
513 693
513 912
513 638
513 720
514 799
514 672
514 856
515 563
515 545
515 707
515 913
516 897
517 650
517 932
517 857
518 708
518 754
519 903
520 867
520 607
521 649
521 565
521 984
522 576
522 769
522 625
523 597
524 829
524 649
524 753
525 808
525 746
525 748
526 673
527 715
527 956
527 814
528 776
528 539
530 685
530 635
530 910
531 705
531 871
531 968
531 930
532 769
532 568
532 667
533 686
533 670
534 964
535 994
536 766
536 733
536 962
536 736
537 914
538 643
538 559
538 996
538 917
539 674
539 826
539 692
540 741
540 704
540 548
541 739
541 647
541 939
542 559
542 740
542 643
543 897
544 655
544 950
544 969
545 563
545 707
545 913
546 994
546 811
546 870
547 893
547 635
547 927
547 833
548 741
548 704
550 846
550 854
550 880
550 999
551 947
551 872
552 669
552 899
556 747
556 780
556 663
556 724
557 734
557 596
557 840
558 839
558 582
559 740
559 643
559 917
560 857
560 887
560 786
561 875
561 718
562 973
562 797
563 707
563 913
564 825
564 682
564 743
565 649
567 591
567 599
567 793
568 765
568 667
569 793
569 699
569 640
570 815
571 989
571 742
572 830
572 661
572 767
573 732
573 763
575 638
575 973
576 769
576 759
578 734
578 985
580 925
580 631
580 849
581 863
581 684
582 812
586 699
586 640
586 596
586 885
587 760
587 645
588 627
589 612
589 624
590 905
591 905
591 599
591 807
592 654
593 633
593 845
593 623
594 620
595 981
595 730
596 911
596 885
598 848
598 685
599 807
600 744
600 812
601 677
601 695
601 772
601 711
603 709
604 957
604 741
604 704
605 891
605 745
606 727
606 616
606 883
607 746
607 751
607 867
607 879
609 677
609 695
609 772
609 711
610 629
610 780
610 747
610 724
611 759
612 624
613 677
614 880
614 658
616 883
616 788
618 650
618 932
619 757
619 946
620 934
620 940
621 897
622 853
622 991
623 633
623 765
625 769
626 813
626 816
626 683
628 891
629 780
629 724
630 780
630 724
631 995
631 635
632 755
632 768
633 927
633 765
634 748
636 738
636 646
637 758
637 884
638 668
638 720
639 953
639 924
639 702
639 792
640 734
641 677
641 695
641 772
641 711
643 740
643 917
644 903
645 760
646 893
646 738
647 739
647 939
649 753
650 691
651 760
652 679
652 731
653 890
653 806
653 771
653 700
657 823
658 880
659 963
659 723
659 841
660 987
660 813
660 977
660 683
661 830
661 767
663 747
663 780
663 724
664 782
664 947
665 762
668 929
668 697
669 899
670 734
670 807
670 686
671 958
672 799
674 692
674 826
675 904
675 749
675 801
676 871
676 713
677 695
677 772
677 711
678 884
679 684
679 831
682 951
683 816
683 813
684 714
684 863
684 945
685 910
688 933
688 883
690 989
690 892
690 970
690 882
691 895
692 826
693 778
693 912
694 907
694 933
695 772
695 711
696 726
696 960
696 836
696 706
697 929
697 831
697 973
698 830
698 767
699 793
700 709
700 771
700 739
701 910
701 778
702 792
702 924
702 953
702 993
703 707
703 913
704 741
704 957
705 981
706 726
706 960
707 913
708 761
708 754
709 771
710 979
711 772
712 977
712 920
712 834
713 812
713 744
714 863
715 989
716 901
717 760
717 986
718 864
718 875
722 860
722 978
723 963
724 780
725 856
725 782
725 980
726 896
726 960
727 883
727 972
729 873
730 981
731 909
732 991
733 842
733 766
735 827
736 766
736 962
737 779
737 922
738 783
740 966
741 957
743 825
744 812
746 902
746 748
747 780
748 902
749 904
749 954
750 957
751 790
751 852
751 864
751 879
753 829
754 967
754 786
756 789
756 843
756 878
757 761
757 946
758 884
759 769
761 933
762 882
762 892
763 853
764 818
764 775
766 966
766 842
770 842
773 892
773 898
773 882
774 802
775 829
776 826
777 985
777 830
777 936
778 910
779 799
782 980
782 947
783 893
788 931
790 875
790 852
790 864
791 886
791 990
791 974
792 924
792 993
793 807
795 855
795 972
798 972
798 866
799 856
800 913
801 890
803 914
804 995
807 979
808 868
809 951
810 870
811 870
811 994
813 838
814 956
824 949
825 869
825 847
828 944
828 846
828 880
832 880
833 927
834 977
834 920
835 934
835 856
835 940
839 968
839 871
839 930
840 936
841 963
842 966
843 980
846 854
846 999
847 989
847 869
848 909
849 891
852 879
852 875
852 864
853 898
854 880
854 999
855 897
858 860
859 951
860 978
863 945
864 875
867 879
868 902
869 989
870 994
871 968
871 930
881 928
882 970
882 892
886 971
886 974
887 988
889 904
892 970
896 960
907 933
907 915
908 911
911 917
911 962
915 933
915 977
920 977
922 934
924 942
924 993
924 953
925 936
926 988
930 968
931 988
932 933
934 940
937 993
937 952
937 942
942 953
942 993
943 949
947 980
953 993
959 966
961 967
970 989
971 991
996 998
