0 358
0 905
0 229
0 590
0 10
0 121
0 222
0 273
1 726
1 44
1 887
1 289
1 58
1 960
1 351
1 896
2 321
2 498
2 588
2 627
2 155
2 383
2 230
2 83
3 27
3 704
3 741
3 957
3 372
3 107
3 196
3 385
4 665
4 773
4 340
4 898
4 762
4 503
4 333
4 364
5 703
5 113
5 515
5 545
5 707
5 75
5 563
5 913
6 330
6 513
6 16
6 693
6 912
6 778
6 893
6 958
7 447
7 422
7 995
7 759
7 262
7 522
7 576
7 60
8 531
8 70
8 930
8 335
8 102
8 705
8 981
8 49
9 873
9 308
9 612
9 837
9 589
9 729
9 624
9 81
10 358
10 816
10 87
10 273
10 231
10 222
10 615
11 812
11 744
11 871
11 968
11 70
11 531
11 600
11 930
12 21
12 914
12 796
12 511
12 328
12 803
12 192
12 326
13 86
13 47
13 39
13 401
13 423
13 760
13 645
13 363
14 744
14 812
14 414
14 29
14 582
14 405
14 594
14 504
15 871
15 531
15 930
15 70
15 968
15 676
15 713
16 671
16 211
16 685
16 85
16 120
16 530
16 958
16 635
17 54
17 891
17 628
17 889
17 116
17 314
17 342
17 904
18 22
18 869
18 825
18 305
18 48
18 742
18 133
18 847
19 904
19 749
19 402
19 116
19 791
19 823
19 475
20 575
20 912
20 198
20 638
20 693
20 276
20 513
20 720
21 328
21 511
21 256
21 213
21 453
21 537
21 796
21 260
22 882
22 989
22 742
22 847
22 869
22 970
22 305
22 690
23 110
23 849
23 628
23 891
23 116
23 605
23 54
23 380
24 916
24 567
24 421
24 214
24 45
24 640
24 734
24 172
25 548
25 540
25 131
25 158
25 943
25 28
25 750
25 443
26 778
26 120
26 425
26 448
26 598
26 84
26 910
26 685
27 385
27 107
27 540
27 704
27 548
27 158
27 741
27 957
28 548
28 741
28 158
28 704
28 540
28 194
28 750
29 582
29 600
29 812
29 251
29 744
29 405
30 375
30 181
30 728
30 176
30 400
30 175
30 379
30 384
30 367
31 508
31 692
31 926
31 248
31 302
31 233
31 136
31 838
32 537
32 546
32 256
32 257
32 259
32 260
32 895
33 516
33 897
33 495
33 218
33 287
33 492
33 41
33 350
34 375
34 181
34 728
34 176
34 400
34 175
34 379
34 384
34 367
35 319
35 899
35 730
35 595
35 669
35 345
35 146
35 552
36 562
36 43
36 797
36 286
36 522
36 625
36 60
37 581
37 151
37 397
37 684
37 535
37 65
37 863
37 714
38 374
38 56
38 516
38 221
38 543
38 788
38 137
38 897
39 86
39 47
39 401
39 423
39 760
39 645
39 363
40 546
40 929
40 811
40 126
40 90
40 870
40 427
40 810
41 897
41 156
41 218
41 492
41 287
41 350
42 427
42 535
42 811
42 994
42 654
42 592
42 282
42 126
43 422
43 60
43 759
43 576
43 625
43 286
43 522
43 769
44 883
44 988
44 284
44 887
44 470
44 487
44 926
45 615
45 214
45 793
45 421
45 413
45 567
45 172
46 132
46 943
46 949
46 366
46 824
46 193
46 186
46 67
47 86
47 401
47 423
47 760
47 645
47 363
48 970
48 989
48 859
48 990
48 325
48 133
49 531
49 70
49 930
49 335
49 102
49 705
49 981
50 140
50 109
50 658
50 614
50 197
50 219
50 880
50 832
51 443
51 186
51 943
51 193
51 310
51 949
51 131
52 742
52 565
52 984
52 571
52 105
52 269
52 369
52 956
53 352
53 147
53 213
53 771
53 796
53 806
53 437
53 250
54 377
54 849
54 380
54 891
54 116
54 628
54 605
55 506
55 884
55 258
55 237
55 174
55 442
55 758
55 637
56 221
56 616
56 516
56 897
56 931
56 788
56 243
57 686
57 460
57 936
57 845
57 294
57 73
57 297
57 106
58 887
58 406
58 857
58 351
58 896
58 523
58 289
59 532
59 633
59 623
59 252
59 667
59 409
59 568
59 765
60 769
60 576
60 286
60 522
60 625
61 136
61 926
61 838
61 302
61 374
61 248
61 233
62 942
62 953
62 924
62 702
62 993
62 412
62 468
62 346
63 375
63 181
63 728
63 176
63 400
63 175
63 379
63 384
63 367
64 700
64 144
64 465
64 72
64 739
64 860
64 722
64 317
65 679
65 397
65 810
65 151
65 863
65 714
65 535
66 242
66 914
66 168
66 901
66 409
66 633
66 399
66 716
67 131
67 186
67 132
67 366
67 824
67 193
67 949
68 655
68 185
68 950
68 300
68 969
68 544
68 304
68 419
69 522
69 625
69 101
69 286
70 102
70 981
70 871
70 930
70 705
70 968
70 531
71 476
71 479
71 875
71 718
71 240
71 205
71 117
71 407
72 860
72 739
72 144
72 541
72 647
72 722
72 978
73 277
73 207
73 686
73 460
73 936
73 297
73 985
74 148
74 992
74 765
74 355
74 633
74 789
74 195
75 703
75 113
75 515
75 545
75 707
75 563
75 913
76 393
76 276
76 638
76 465
76 673
76 720
77 707
77 365
77 463
77 288
77 455
77 615
77 519
78 703
78 438
78 563
78 545
78 913
78 515
78 113
78 755
79 91
79 942
79 993
79 953
79 924
79 702
79 792
79 639
80 375
80 181
80 728
80 176
80 400
80 175
80 379
80 384
80 367
81 484
81 837
81 308
81 729
81 612
81 589
81 624
82 842
82 96
82 740
82 643
82 542
82 766
82 966
82 235
83 321
83 498
83 588
83 627
83 155
83 383
83 230
84 714
84 151
84 448
84 397
84 535
84 581
85 530
85 142
85 120
85 635
85 685
85 211
85 783
86 401
86 423
86 760
86 645
86 363
87 683
87 813
87 508
87 816
87 692
87 626
87 826
87 674
88 845
88 106
88 195
88 789
88 115
88 264
88 95
88 94
89 211
89 168
89 635
89 530
89 671
89 141
89 391
90 427
90 929
90 151
90 831
90 679
90 810
91 412
91 792
91 993
91 937
91 942
91 907
91 694
91 952
92 591
92 421
92 793
92 615
92 413
92 567
93 391
93 738
93 482
93 429
93 570
93 199
93 815
94 213
94 471
94 150
94 95
94 115
95 960
95 529
95 471
95 706
95 726
95 115
96 959
96 740
96 733
96 235
96 766
96 842
96 966
97 665
97 991
97 622
97 753
97 573
97 138
97 524
97 763
98 468
98 346
98 952
98 757
98 370
98 619
98 187
98 946
99 375
99 181
99 728
99 176
99 400
99 175
99 379
99 384
99 367
100 775
100 122
100 665
100 829
100 361
100 763
100 320
100 138
101 154
101 995
101 804
101 262
101 286
101 848
102 531
102 930
102 335
102 705
102 981
103 920
103 271
103 283
103 712
103 834
103 108
103 444
103 373
104 375
104 181
104 728
104 176
104 400
104 175
104 379
104 384
104 367
105 970
105 742
105 690
105 989
105 305
105 571
105 269
106 264
106 572
106 368
106 294
106 460
106 767
106 845
107 704
107 741
107 957
107 372
107 196
107 385
108 172
108 640
108 569
108 416
108 725
108 782
108 980
109 832
109 197
109 140
109 880
109 658
109 614
109 219
110 783
110 605
110 380
110 116
110 142
110 849
110 891
111 424
111 420
111 609
111 601
111 784
111 677
111 802
111 711
112 859
112 322
112 682
112 133
112 809
112 951
112 293
112 381
113 703
113 515
113 545
113 707
113 563
113 913
114 117
114 205
114 240
114 746
114 525
114 479
114 476
114 336
115 789
115 960
115 726
115 706
115 471
116 628
116 745
116 380
116 605
116 891
117 875
117 748
117 205
117 476
117 479
117 488
117 240
118 375
118 181
118 728
118 176
118 400
118 175
118 379
118 384
118 367
119 737
119 446
119 799
119 160
119 874
119 210
119 672
119 331
120 530
120 211
120 635
120 598
120 685
121 674
121 169
121 979
121 590
121 229
121 358
121 905
121 323
122 265
122 361
122 320
122 829
122 404
122 775
122 138
123 375
123 181
123 728
123 176
123 400
123 175
123 379
123 384
123 367
124 375
124 181
124 728
124 176
124 400
124 175
124 379
124 384
124 367
125 375
125 181
125 728
125 176
125 400
125 175
125 379
125 384
125 367
126 592
126 546
126 427
126 870
126 282
126 994
126 811
127 338
127 342
127 336
127 330
127 334
127 333
127 332
127 331
127 999
128 836
128 631
128 580
128 355
128 485
129 375
129 181
129 728
129 176
129 400
129 175
129 379
129 384
129 367
130 375
130 181
130 728
130 176
130 400
130 175
130 379
130 384
130 367
131 750
131 186
131 443
131 193
131 949
131 943
132 186
132 949
132 193
132 366
132 824
133 682
133 809
133 859
133 293
133 381
133 951
133 325
134 401
134 423
134 760
134 645
134 363
135 383
135 588
135 627
135 155
135 498
135 230
135 472
135 507
136 508
136 926
136 233
136 248
136 302
136 838
136 674
137 248
137 931
137 516
137 897
137 543
137 374
138 991
138 665
138 763
138 167
138 333
138 361
139 375
139 181
139 728
139 176
139 400
139 175
139 379
139 384
139 367
140 275
140 614
140 828
140 944
140 880
140 219
140 658
141 910
141 530
141 211
141 168
141 671
141 500
141 391
142 783
142 635
142 482
142 893
142 738
143 260
143 500
143 259
143 436
143 895
143 656
143 494
144 353
144 860
144 939
144 647
144 739
144 541
144 722
144 978
145 812
145 251
145 744
145 504
145 405
145 582
146 319
146 899
146 730
146 595
146 669
146 345
146 552
147 810
147 697
147 806
147 396
147 352
147 929
147 668
148 195
148 726
148 960
148 264
148 706
148 351
148 471
148 789
149 682
149 382
149 204
149 631
149 743
149 646
149 150
150 166
150 269
150 334
150 524
150 753
150 649
150 565
150 301
151 714
151 863
151 397
151 209
151 679
151 684
152 351
152 960
152 830
152 281
152 661
152 698
152 572
152 767
153 221
153 357
153 354
153 724
153 629
153 408
153 473
153 780
154 598
154 995
154 262
154 804
154 447
155 321
155 498
155 588
155 627
155 383
155 230
156 938
156 492
156 287
156 350
156 234
156 267
157 361
157 167
157 171
157 991
157 622
157 303
157 320
158 372
158 385
158 704
158 548
158 540
158 741
158 957
159 993
159 953
159 924
159 702
159 388
159 798
159 866
160 510
160 835
160 856
160 298
160 514
160 446
160 799
160 672
161 575
161 201
161 278
161 973
161 353
161 198
161 496
161 206
162 226
162 534
162 411
162 502
162 291
162 225
162 449
162 964
163 375
163 181
163 728
163 176
163 400
163 175
163 379
163 384
163 367
164 655
164 419
164 969
164 544
164 304
164 950
164 300
165 903
165 222
165 288
165 324
165 455
165 463
165 553
165 519
166 769
166 192
166 611
166 797
166 759
166 505
166 422
166 576
167 340
167 665
167 454
167 762
167 775
167 474
168 914
168 242
168 178
168 530
168 910
168 701
168 778
168 399
169 539
169 905
169 590
169 358
169 979
169 229
169 323
170 268
170 699
170 961
170 398
170 793
170 497
170 967
171 320
171 361
171 622
171 991
171 732
171 318
171 303
172 567
172 214
172 734
172 421
172 640
172 416
173 559
173 189
173 996
173 360
173 911
173 538
173 917
173 274
174 506
174 884
174 258
174 237
174 442
174 758
174 637
175 375
175 181
175 728
175 176
175 400
175 379
175 384
175 367
176 375
176 181
176 728
176 400
176 379
176 384
176 367
177 522
177 625
177 667
177 568
177 532
178 256
178 914
178 242
178 592
178 399
178 654
178 701
179 375
179 181
179 728
179 400
179 379
179 384
179 367
180 328
180 500
180 436
180 260
180 453
180 259
181 375
181 728
181 400
181 379
181 384
181 367
182 375
182 728
182 400
182 379
182 384
182 367
183 375
183 728
183 400
183 379
183 384
183 367
184 375
184 728
184 400
184 379
184 384
184 367
185 435
185 304
185 544
185 527
185 950
185 300
185 969
185 419
186 366
186 949
186 193
186 943
187 346
187 468
187 952
187 757
187 946
187 370
187 619
188 294
188 830
188 277
188 207
188 297
188 985
188 936
189 917
189 542
189 740
189 274
189 235
189 538
189 996
189 998
190 375
190 728
190 400
190 379
190 384
190 367
191 649
191 984
191 474
191 775
191 565
191 521
191 454
191 478
192 914
192 611
192 422
192 326
192 483
192 759
193 943
193 824
193 949
193 366
194 372
194 385
194 704
194 957
194 741
195 282
195 654
195 535
195 592
196 704
196 741
196 957
196 372
196 385
197 658
197 880
197 614
197 219
197 832
198 396
198 720
198 278
198 206
198 638
198 353
198 496
199 530
199 636
199 391
199 671
199 815
199 547
200 488
200 240
200 410
200 902
200 748
200 746
200 525
201 209
201 668
201 831
201 575
201 697
201 973
202 472
202 556
202 663
202 583
202 881
202 208
202 217
203 269
203 869
203 742
203 847
203 305
203 369
203 825
204 893
204 276
204 646
204 804
204 995
204 236
204 447
205 336
205 875
205 746
205 479
205 476
205 240
206 668
206 806
206 396
206 496
206 278
206 353
207 830
207 925
207 936
207 277
207 297
207 985
208 928
208 507
208 472
208 735
208 217
208 827
209 397
209 679
209 863
209 945
209 831
209 684
210 913
210 515
210 545
210 331
210 707
210 800
210 874
211 910
211 671
211 635
211 530
211 685
212 375
212 728
212 400
212 379
212 384
212 367
213 250
213 352
213 537
213 796
213 256
213 914
214 451
214 413
214 793
214 567
214 591
214 807
214 599
215 869
215 743
215 825
215 847
215 682
215 359
215 564
216 375
216 728
216 400
216 379
216 384
216 367
217 928
217 507
217 472
217 735
217 827
218 855
218 221
218 357
218 350
218 287
218 492
219 658
219 832
219 614
219 880
220 925
220 745
220 580
220 605
220 849
220 380
221 243
221 788
221 897
221 855
221 516
222 816
222 615
222 231
222 273
223 961
223 314
223 373
223 432
223 444
224 559
224 596
224 536
224 962
224 917
224 499
224 736
224 911
225 266
225 502
225 964
225 411
225 449
225 888
226 534
226 291
226 723
226 841
226 659
226 467
226 431
226 963
227 375
227 728
227 400
227 379
227 384
227 367
228 641
228 781
228 347
228 772
228 247
228 695
228 677
228 711
229 674
229 979
229 590
229 358
229 905
229 323
230 321
230 498
230 588
230 627
230 383
231 463
231 288
231 273
231 455
231 987
231 324
232 375
232 728
232 400
232 379
232 384
232 367
233 508
233 692
233 926
233 248
233 302
233 838
234 287
234 492
234 267
234 350
234 938
235 559
235 766
235 643
235 542
235 966
235 740
236 276
236 465
236 638
236 447
236 720
236 611
237 506
237 884
237 258
237 442
237 758
237 637
238 776
238 674
238 508
238 826
238 539
238 692
239 641
239 781
239 347
239 772
239 247
239 695
239 677
239 711
240 748
240 902
240 525
240 746
240 479
240 476
241 478
241 649
241 334
241 265
241 764
241 775
241 818
241 404
242 654
242 803
242 511
242 328
242 399
242 537
242 914
243 897
243 354
243 795
243 616
243 855
243 788
244 358
244 807
244 591
244 599
244 979
244 445
244 323
245 684
245 397
245 863
245 714
245 494
245 652
245 681
246 633
246 409
246 801
246 466
246 890
246 716
246 486
247 641
247 781
247 347
247 772
247 695
247 677
247 711
248 926
248 931
248 302
248 838
249 725
249 980
249 782
249 664
249 314
249 947
250 803
250 806
250 771
250 437
250 796
251 871
251 531
251 405
251 600
251 812
251 744
252 581
252 927
252 765
252 409
252 623
252 633
252 568
253 325
253 892
253 859
253 970
253 773
253 364
253 882
253 898
254 375
254 728
254 400
254 379
254 384
254 367
255 375
255 728
255 400
255 379
255 384
255 367
256 537
256 427
256 257
256 546
256 914
257 427
257 592
257 870
257 994
257 282
257 546
257 811
258 506
258 884
258 442
258 758
258 637
259 895
259 656
259 453
259 260
259 537
260 511
260 656
260 537
260 453
261 375
261 728
261 400
261 379
261 384
261 367
262 625
262 804
262 522
262 995
263 375
263 728
263 400
263 379
263 384
263 367
264 767
264 572
264 845
264 789
264 529
265 764
265 334
265 775
265 404
265 478
265 829
266 506
266 884
266 442
266 758
266 637
267 350
267 591
267 599
267 807
267 451
267 938
268 699
268 509
268 518
268 398
268 497
268 967
268 961
269 454
269 984
269 690
269 305
269 742
269 571
270 375
270 728
270 400
270 379
270 384
270 367
271 683
271 660
271 834
271 283
271 920
271 712
271 977
272 433
272 622
272 456
272 886
272 971
272 974
273 455
273 987
273 615
274 643
274 559
274 998
274 538
274 996
274 917
275 658
275 846
275 880
275 854
275 999
275 550
276 720
276 465
276 425
276 575
276 638
276 693
277 297
277 925
277 936
277 845
278 668
278 806
278 496
278 396
278 353
279 375
279 728
279 400
279 379
279 384
279 367
280 375
280 728
280 400
280 379
280 384
280 367
281 351
281 294
281 661
281 698
281 767
281 830
281 572
282 535
282 546
282 994
282 870
282 811
283 683
283 660
283 834
283 920
283 712
283 977
284 477
284 376
284 761
284 306
284 883
284 688
284 487
284 933
285 375
285 728
285 400
285 379
285 384
285 367
286 576
286 769
286 522
286 625
287 516
287 897
287 495
287 492
287 350
288 324
288 455
288 463
288 903
288 644
288 519
289 368
289 406
289 523
289 896
289 597
289 351
290 298
290 799
290 514
290 980
290 782
290 444
290 725
291 411
291 502
291 964
291 449
291 534
292 670
292 297
292 460
292 734
292 377
292 840
292 557
293 859
293 682
293 322
293 951
293 809
293 381
294 572
294 698
294 460
294 297
294 767
294 686
295 526
295 343
295 673
295 820
295 430
295 862
295 983
296 813
296 683
296 977
296 626
296 816
296 660
297 460
297 936
297 985
297 686
298 510
298 835
298 514
298 799
298 446
298 856
298 672
299 402
299 904
299 889
299 652
299 377
299 628
299 597
299 380
300 544
300 389
300 304
300 655
300 969
300 950
300 419
301 478
301 524
301 334
301 753
301 649
301 565
301 775
302 508
302 926
302 838
302 674
303 622
303 320
303 318
303 361
303 732
303 991
304 333
304 361
304 318
304 969
304 950
304 544
304 419
304 732
305 869
305 742
305 690
305 970
305 989
305 847
306 915
306 487
306 688
306 933
306 761
306 786
306 907
307 706
307 351
307 767
307 896
307 572
307 960
308 729
308 837
308 612
308 484
308 624
308 589
309 375
309 728
309 400
309 379
309 384
309 367
310 949
310 750
310 943
310 443
311 835
311 779
311 922
311 934
311 446
311 737
311 672
312 375
312 728
312 400
312 379
312 384
312 367
313 863
313 945
313 448
313 397
313 684
313 581
314 889
314 596
314 586
314 782
315 375
315 728
315 400
315 379
315 384
315 367
316 375
316 728
316 400
316 379
316 384
316 367
317 700
317 720
317 465
317 330
317 513
317 393
318 333
318 320
318 763
318 732
318 991
318 361
319 705
319 981
319 335
319 595
319 730
319 345
320 991
320 361
321 383
321 588
321 498
321 627
322 325
322 859
322 951
322 381
322 809
323 508
323 905
323 590
323 358
323 979
324 455
324 463
324 903
324 644
324 519
325 809
325 381
325 951
325 859
326 352
326 537
326 796
327 441
327 878
327 944
328 537
328 511
328 399
328 914
328 803
329 876
329 523
329 650
329 597
329 857
329 517
330 720
330 778
330 393
330 912
330 693
330 513
330 465
331 569
331 874
331 640
331 416
332 691
332 436
332 823
332 475
332 650
332 657
332 876
333 361
333 991
333 622
333 763
333 853
333 503
334 775
334 404
334 649
334 524
334 753
334 565
335 981
335 705
335 595
335 730
335 345
336 748
336 479
336 868
336 476
336 746
337 668
337 396
337 806
337 653
337 756
338 375
338 728
338 400
338 379
338 384
338 367
339 526
339 818
339 935
339 387
339 362
339 862
340 454
340 984
340 665
340 882
340 690
340 892
340 762
340 474
341 938
341 495
341 451
342 885
342 586
342 961
342 889
342 904
342 876
343 893
343 671
343 673
343 958
343 526
343 392
344 375
344 728
344 400
344 379
344 384
344 367
345 705
345 981
345 595
345 730
346 370
346 619
346 952
346 412
346 468
346 946
347 641
347 781
347 772
347 695
347 677
347 711
348 375
348 728
348 400
348 379
348 384
348 367
349 375
349 728
349 400
349 379
349 384
349 367
350 897
350 492
351 726
351 767
351 960
351 896
352 895
352 914
352 668
352 427
352 929
353 668
353 720
353 396
353 496
354 616
354 855
354 408
354 795
354 972
355 696
355 836
355 485
355 789
355 631
356 375
356 728
356 400
356 379
356 384
356 367
357 629
357 473
357 855
358 508
358 905
358 590
358 979
359 809
359 951
359 825
359 381
359 682
360 911
360 538
360 917
360 680
361 991
361 732
362 775
362 984
362 665
362 474
362 478
362 818
362 387
362 935
363 401
363 423
363 760
363 645
364 394
364 882
364 762
364 892
364 503
364 898
364 773
365 591
365 515
365 567
365 615
366 824
366 949
367 375
367 728
367 400
367 379
367 384
368 460
368 529
368 523
368 597
369 571
369 742
369 395
370 468
370 412
370 952
370 619
370 946
371 375
371 728
371 400
371 379
371 384
372 704
372 741
372 957
372 385
373 444
373 967
373 403
373 528
373 961
374 897
374 543
374 516
375 728
375 400
375 379
375 384
376 487
376 616
376 761
376 606
376 688
376 933
376 883
377 380
377 460
377 840
377 593
378 948
378 645
378 760
378 462
378 923
378 986
379 728
379 400
379 384
380 598
380 581
380 681
380 731
380 745
380 605
381 859
381 682
381 809
381 951
382 970
382 571
382 951
382 682
382 859
382 742
383 498
383 588
383 627
384 728
384 400
385 704
385 741
385 957
386 506
386 884
386 442
386 758
386 637
387 989
387 474
387 970
387 984
387 690
387 892
387 935
388 727
388 616
388 883
388 606
388 972
388 795
389 829
389 544
389 419
389 950
389 435
390 764
390 657
390 971
390 823
391 635
391 530
391 671
392 958
392 482
392 893
392 738
392 783
393 396
393 693
393 638
393 912
393 720
393 513
394 773
394 622
394 853
394 898
394 503
395 970
395 439
395 989
395 715
395 869
395 847
396 806
396 496
396 668
397 684
397 448
397 581
397 863
397 714
398 413
398 567
398 699
398 793
398 961
398 497
399 654
399 914
399 778
399 701
400 728
401 423
401 760
401 645
402 465
402 638
402 693
402 731
403 988
403 926
403 761
403 528
403 434
403 754
403 518
403 708
404 524
404 753
404 764
404 829
404 775
405 504
405 600
405 582
405 744
405 812
406 539
406 776
406 826
406 508
406 692
406 674
407 488
407 718
407 875
407 852
407 561
407 864
408 795
408 629
408 473
408 630
408 724
408 780
409 992
409 568
409 927
409 633
409 765
410 879
410 902
410 746
410 808
410 525
410 748
410 868
411 502
411 964
411 449
411 888
412 619
412 952
412 468
412 946
413 451
413 591
413 599
413 807
413 793
413 567
414 835
414 510
414 934
414 504
414 940
414 594
414 620
415 728
416 421
416 699
416 569
416 793
416 640
417 728
418 518
418 618
418 708
418 477
418 517
418 932
419 829
419 544
419 655
419 950
420 641
420 781
420 772
420 695
420 677
420 711
421 567
421 699
421 793
422 447
422 483
422 769
422 611
422 759
422 576
423 760
423 645
424 641
424 781
424 772
424 695
424 677
424 711
425 731
425 693
425 909
425 448
425 848
425 598
426 728
427 994
427 810
427 546
427 811
427 870
428 728
429 893
429 636
429 646
429 482
429 783
429 738
430 628
430 891
430 605
430 849
431 780
431 724
431 963
431 467
431 556
431 723
431 663
431 630
432 767
432 572
432 845
433 991
433 573
433 622
433 886
433 974
433 971
433 456
434 838
434 988
434 487
434 470
434 926
435 665
435 655
435 527
436 500
436 453
436 895
436 691
437 914
437 806
437 803
437 796
438 913
438 515
438 768
438 632
438 755
438 464
439 682
439 809
439 951
440 641
440 781
440 772
440 695
440 677
440 711
441 782
441 944
441 664
441 947
442 506
442 884
442 758
442 637
443 540
443 548
443 943
443 750
444 919
444 865
444 677
444 601
444 609
445 591
445 807
445 979
445 599
446 510
446 799
446 856
446 835
446 514
446 672
447 759
447 483
447 995
447 611
448 598
448 684
448 581
448 863
449 502
449 964
449 888
450 870
450 546
450 811
450 994
451 807
451 938
452 728
453 511
453 796
453 537
454 762
454 892
454 690
454 984
454 478
454 474
455 463
455 903
455 644
455 519
456 991
456 974
456 971
456 622
457 728
458 888
458 506
458 637
458 884
458 678
459 491
459 814
459 715
459 527
459 469
459 877
460 523
460 686
461 728
462 948
462 645
462 760
462 923
462 986
463 903
463 644
463 519
464 545
464 755
464 632
464 768
464 800
465 513
465 912
465 720
466 992
466 716
466 633
466 765
466 486
467 663
467 659
467 723
467 963
467 630
467 841
468 619
468 952
468 946
469 491
469 890
469 486
469 716
469 801
470 883
470 931
470 487
470 988
470 926
471 511
471 789
471 696
471 726
471 960
471 706
472 588
472 627
472 498
472 507
473 610
473 480
473 724
473 629
473 780
474 478
474 690
474 665
474 892
474 762
474 984
475 904
475 823
475 657
475 749
476 875
476 525
476 748
476 746
476 479
477 883
477 560
477 694
477 688
477 933
477 932
478 649
478 665
478 565
478 775
478 984
479 746
479 525
479 748
480 663
480 629
480 610
480 780
480 747
480 724
481 687
482 636
482 893
482 646
482 783
482 738
483 778
483 759
483 995
483 611
484 612
484 589
484 624
484 729
484 873
485 661
485 696
485 631
485 836
485 789
486 633
486 992
486 765
486 716
487 688
487 761
487 926
487 883
487 988
488 751
488 790
488 875
488 718
488 852
488 864
489 728
490 728
491 927
491 801
491 636
491 833
491 716
491 547
492 897
493 856
493 672
493 514
493 799
493 770
493 509
494 535
494 656
494 870
494 811
494 994
495 710
495 938
496 638
496 668
497 961
497 553
497 567
497 793
498 588
498 627
499 842
499 643
499 559
499 766
499 962
499 733
499 536
499 736
500 701
500 654
500 778
500 895
500 656
501 728
502 964
502 888
503 763
503 622
503 853
503 898
504 744
504 620
504 582
504 594
505 806
505 603
505 709
506 884
506 758
506 637
507 588
508 826
508 776
508 539
508 674
508 692
509 699
509 569
509 640
509 885
509 586
510 856
510 620
510 835
510 934
510 940
511 914
511 537
511 803
512 948
512 587
512 760
513 693
513 912
513 638
513 720
514 856
514 799
514 835
514 672
515 703
515 545
515 707
515 563
515 913
516 788
516 543
516 855
516 897
517 708
517 876
517 932
517 857
517 650
518 967
518 932
518 708
518 754
519 903
519 644
520 867
520 607
521 649
521 565
521 818
521 984
522 759
522 576
522 625
522 769
523 961
523 896
523 597
524 829
524 565
524 649
524 753
525 902
525 748
525 808
525 746
526 958
526 862
526 673
527 775
527 956
527 715
527 665
527 814
528 826
528 776
528 539
529 767
530 778
530 671
530 685
530 635
530 910
531 981
531 871
531 930
531 705
531 968
532 797
532 769
532 576
532 568
532 667
533 938
533 686
533 670
534 964
535 811
535 994
535 714
536 842
536 766
536 733
536 962
536 736
537 914
538 542
538 559
538 643
538 996
538 917
539 776
539 674
539 826
539 692
540 704
540 548
540 741
540 957
541 739
541 647
541 939
542 917
542 559
542 766
542 740
542 643
542 966
543 931
543 897
544 655
544 950
544 969
545 703
545 707
545 563
545 913
546 592
546 994
546 811
546 870
547 635
547 833
547 893
547 927
548 704
548 741
548 957
549 728
550 658
550 846
550 854
550 880
550 999
551 947
551 872
552 899
552 730
552 595
552 669
553 903
554 728
555 728
556 630
556 610
556 747
556 780
556 663
556 724
557 586
557 734
557 596
557 840
558 744
558 812
558 839
558 582
559 766
559 962
559 740
559 643
559 917
560 883
560 933
560 857
560 688
560 887
560 786
561 875
561 718
562 697
562 973
562 797
563 703
563 707
563 913
564 682
564 743
564 825
565 775
565 753
565 649
566 728
567 807
567 793
567 591
567 599
568 623
568 633
568 765
568 667
569 640
569 699
569 793
570 636
570 815
570 738
571 970
571 690
571 989
571 742
572 767
572 661
572 845
572 830
572 698
573 763
573 991
573 732
574 728
575 697
575 638
575 973
576 625
576 769
576 759
577 728
578 916
578 734
578 985
579 728
580 789
580 925
580 849
580 631
581 714
581 945
581 684
581 863
582 600
582 744
582 812
583 963
584 728
585 728
586 734
586 699
586 596
586 885
586 640
587 760
587 645
588 627
589 729
589 837
589 624
589 612
590 674
590 979
590 905
591 905
591 599
591 807
592 811
592 994
592 654
593 765
593 633
593 845
593 623
594 934
594 620
595 705
595 981
595 730
596 917
596 962
596 736
596 911
596 885
597 820
597 681
598 848
598 685
599 905
599 807
600 968
600 930
600 871
600 744
600 812
601 641
601 781
601 772
601 695
601 677
601 711
602 728
603 771
603 709
603 700
604 957
604 741
604 704
605 849
605 745
605 891
606 972
606 688
606 883
606 616
606 727
607 748
607 746
607 751
607 867
607 879
608 728
609 641
609 781
609 772
609 695
609 677
609 711
610 663
610 629
610 780
610 747
610 724
611 693
611 995
611 759
612 729
612 837
612 624
613 861
613 641
613 677
614 832
614 880
614 658
616 988
616 788
616 931
616 883
617 728
618 857
618 694
618 650
618 932
619 952
619 757
619 946
620 835
620 934
620 940
621 897
622 853
622 991
623 863
623 684
623 765
623 633
623 945
624 873
624 729
624 837
625 769
626 838
626 813
626 816
626 683
628 849
628 891
629 724
629 780
630 723
630 780
630 724
631 685
631 910
631 995
631 635
632 800
632 755
632 703
632 768
633 927
633 765
634 748
634 867
635 671
635 910
635 685
636 893
636 833
636 738
636 646
637 884
637 758
638 668
638 720
639 953
639 993
639 924
639 942
639 702
639 792
640 734
641 781
641 772
641 695
641 677
641 711
642 728
643 766
643 962
643 740
643 917
644 987
644 903
645 760
646 783
646 738
646 893
647 739
647 939
648 728
649 775
649 753
650 691
651 760
652 684
652 681
652 679
652 731
653 806
653 771
653 890
653 700
654 656
655 984
655 762
655 665
656 994
657 764
657 823
658 944
658 880
659 723
659 963
659 841
660 816
660 683
660 977
660 987
660 813
661 960
661 706
661 830
661 767
661 698
662 728
663 747
663 780
663 724
664 980
664 725
664 782
664 947
665 763
665 762
666 728
668 806
668 929
668 697
669 899
669 730
670 699
670 734
670 807
670 686
671 910
671 958
672 835
672 856
672 799
673 958
673 893
674 826
674 776
674 838
674 692
675 954
675 889
675 904
675 749
675 801
676 968
676 930
676 871
676 713
677 781
677 772
677 695
677 711
678 888
678 884
679 863
679 684
679 831
680 917
680 996
680 998
681 714
682 859
682 951
682 809
683 816
683 813
684 863
684 714
684 945
685 910
686 807
688 694
688 933
688 883
689 728
690 762
690 984
690 989
690 892
690 970
690 882
691 895
692 826
692 776
693 778
693 912
694 757
694 952
694 907
694 933
695 781
695 772
695 711
696 789
696 726
696 960
696 836
696 706
697 973
697 831
697 929
698 830
698 767
699 793
700 806
700 709
700 771
700 739
701 910
701 778
702 942
702 792
702 924
702 953
702 993
703 707
703 913
704 741
704 957
705 930
705 981
706 789
706 726
706 960
707 913
708 988
708 926
708 754
708 761
709 806
709 771
710 776
710 979
711 781
711 772
712 920
712 977
712 834
713 812
713 744
714 863
715 859
715 970
715 989
716 927
716 901
717 986
717 760
718 852
718 864
718 875
719 728
721 728
722 860
722 739
722 978
723 963
724 747
724 780
725 856
725 782
725 980
726 789
726 896
726 960
727 795
727 786
727 883
727 972
729 873
730 981
731 909
731 848
732 763
732 991
733 962
733 966
733 842
733 766
734 793
735 948
735 760
735 827
736 842
736 766
736 962
737 998
737 922
737 779
737 799
738 893
738 783
739 771
740 766
740 966
741 957
742 989
742 847
743 825
744 871
744 812
745 848
746 808
746 748
746 902
747 780
748 902
749 904
749 954
749 889
750 957
751 875
751 867
751 852
751 864
751 879
751 790
753 829
754 926
754 967
754 761
754 786
755 913
756 878
756 843
756 789
757 933
757 761
757 946
758 884
759 769
761 933
762 898
762 882
762 892
763 991
763 853
764 829
764 775
764 818
766 842
766 966
768 800
769 797
770 959
770 966
770 842
771 806
772 781
773 898
773 970
773 882
773 892
774 906
774 802
775 829
776 826
777 985
777 936
777 830
778 912
778 910
779 799
782 856
782 980
782 947
783 893
786 926
786 887
787 969
788 897
788 931
789 845
790 879
790 852
790 864
790 875
791 886
791 990
791 974
792 942
792 924
792 953
792 993
793 807
795 855
795 972
796 803
798 972
798 866
799 835
799 856
800 913
801 890
803 914
804 995
807 979
808 902
808 868
809 859
809 951
810 870
810 929
810 811
811 994
811 870
812 871
813 816
813 838
814 956
815 857
816 826
824 949
825 951
825 869
825 847
827 948
828 854
828 944
828 846
828 880
830 936
831 973
832 880
833 927
834 884
834 977
834 920
835 934
835 856
835 940
838 926
839 930
839 871
839 968
840 936
841 963
842 959
842 966
843 980
843 856
846 880
846 854
846 999
847 859
847 970
847 989
847 869
848 909
849 891
849 925
852 875
852 864
852 879
853 991
853 898
854 880
854 999
855 897
857 887
858 978
858 860
859 970
859 951
860 978
863 945
864 879
864 875
866 972
867 879
868 902
869 989
870 994
871 981
871 930
871 968
874 913
881 928
882 892
882 970
883 988
886 991
886 971
886 974
887 926
887 988
889 904
890 901
892 970
896 960
901 914
903 987
905 979
907 952
907 933
907 915
908 954
908 962
908 911
911 917
911 962
915 946
915 933
915 977
917 962
920 977
922 934
924 993
924 953
924 942
925 936
926 988
930 981
930 968
931 988
932 933
934 940
935 984
936 985
937 993
937 952
937 942
942 953
942 993
943 949
946 952
947 968
947 980
953 993
959 966
961 967
968 981
970 989
971 991
974 990
996 998
