0 323
0 358
0 905
0 229
0 590
0 10
0 121
0 222
0 273
1 406
1 726
1 44
1 887
1 289
1 58
1 960
1 351
1 896
2 613
2 321
2 498
2 588
2 627
2 155
2 383
2 230
2 83
3 540
3 27
3 704
3 741
3 957
3 372
3 107
3 196
3 385
4 892
4 665
4 773
4 340
4 898
4 762
4 503
4 333
4 364
5 800
5 703
5 113
5 515
5 545
5 707
5 75
5 563
5 913
6 701
6 330
6 513
6 16
6 693
6 912
6 778
6 893
6 958
7 625
7 447
7 422
7 995
7 759
7 262
7 522
7 576
7 60
8 968
8 705
8 981
8 531
8 49
8 70
8 102
8 335
8 930
9 484
9 873
9 308
9 612
9 837
9 589
9 729
9 624
9 81
10 323
10 358
10 816
10 87
10 273
10 231
10 222
10 615
10 0
11 251
11 70
11 600
11 531
11 968
11 744
11 812
11 871
11 930
12 242
12 796
12 914
12 21
12 511
12 328
12 803
12 192
12 326
13 948
13 86
13 47
13 39
13 401
13 423
13 760
13 645
13 363
14 251
14 744
14 582
14 414
14 29
14 812
14 405
14 594
14 504
15 600
15 871
15 531
15 930
15 70
15 968
15 676
15 11
15 713
16 910
16 671
16 211
16 685
16 85
16 120
16 530
16 958
16 635
17 878
17 54
17 891
17 628
17 889
17 116
17 314
17 342
17 904
18 325
18 22
18 869
18 825
18 305
18 48
18 742
18 133
18 847
19 390
19 904
19 18
19 749
19 402
19 116
19 791
19 823
19 475
20 236
20 575
20 912
20 198
20 638
20 693
20 276
20 513
20 720
21 32
21 328
21 511
21 256
21 213
21 453
21 537
21 796
21 260
22 571
22 882
22 989
22 742
22 847
22 869
22 970
22 305
22 690
23 745
23 110
23 849
23 628
23 891
23 116
23 605
23 54
23 380
24 416
24 916
24 567
24 421
24 214
24 45
24 640
24 734
24 172
25 704
25 548
25 540
25 131
25 158
25 943
25 28
25 750
25 443
26 530
26 778
26 120
26 425
26 448
26 598
26 84
26 910
26 685
27 3
27 385
27 107
27 540
27 704
27 548
27 158
27 741
27 957
28 957
28 27
28 548
28 741
28 158
28 704
28 540
28 194
28 750
29 504
29 600
29 11
29 14
29 582
29 812
29 251
29 744
29 405
30 179
30 375
30 181
30 728
30 176
30 400
30 175
30 379
30 384
30 367
31 826
31 692
31 248
31 926
31 508
31 302
31 233
31 136
31 838
32 213
32 537
32 546
32 21
32 256
32 257
32 259
32 260
32 895
33 374
33 897
33 516
33 495
33 218
33 287
33 492
33 41
33 350
34 179
34 375
34 181
34 728
34 176
34 400
34 175
34 379
34 384
34 367
35 335
35 319
35 899
35 730
35 595
35 669
35 345
35 146
35 552
36 769
36 7
36 562
36 43
36 797
36 286
36 522
36 625
36 60
37 679
37 535
37 397
37 151
37 684
37 581
37 65
37 863
37 714
38 492
38 374
38 56
38 516
38 221
38 543
38 788
38 137
38 897
39 948
39 86
39 47
39 401
39 13
39 423
39 760
39 645
39 363
40 282
40 546
40 929
40 811
40 126
40 90
40 870
40 427
40 810
41 516
41 897
41 156
41 38
41 218
41 492
41 33
41 287
41 350
42 546
42 427
42 535
42 811
42 994
42 654
42 592
42 282
42 126
43 797
43 422
43 60
43 759
43 576
43 625
43 286
43 522
43 769
44 688
44 883
44 1
44 988
44 284
44 887
44 470
44 487
44 926
45 640
45 214
45 615
45 793
45 421
45 413
45 567
45 172
45 24
46 131
46 132
46 943
46 949
46 366
46 824
46 193
46 186
46 67
47 948
47 86
47 39
47 401
47 13
47 423
47 760
47 645
47 363
48 382
48 133
48 325
48 18
48 859
48 990
48 989
48 970
48 22
49 968
49 705
49 981
49 531
49 8
49 70
49 102
49 335
49 930
50 550
50 197
50 658
50 109
50 614
50 140
50 219
50 880
50 832
51 67
51 443
51 186
51 25
51 943
51 193
51 310
51 949
51 131
52 395
52 565
52 984
52 105
52 742
52 571
52 269
52 369
52 956
53 396
53 352
53 147
53 806
53 771
53 796
53 213
53 437
53 250
54 889
54 377
54 849
54 380
54 891
54 116
54 628
54 605
54 23
55 888
55 506
55 884
55 258
55 237
55 174
55 442
55 758
55 637
56 855
56 221
56 616
56 516
56 897
56 38
56 931
56 788
56 243
57 277
57 686
57 460
57 936
57 845
57 294
57 73
57 297
57 106
58 368
58 857
58 896
58 406
58 289
58 523
58 887
58 1
58 351
59 831
59 532
59 633
59 623
59 252
59 667
59 409
59 568
59 765
60 313
60 769
60 286
60 36
60 625
60 7
60 43
60 576
60 522
61 931
61 136
61 926
61 838
61 302
61 374
61 248
61 233
61 31
62 411
62 942
62 953
62 924
62 702
62 993
62 412
62 468
62 346
63 179
63 375
63 181
63 728
63 176
63 400
63 175
63 379
63 384
63 367
64 647
64 860
64 739
64 700
64 144
64 72
64 465
64 722
64 317
65 994
65 679
65 397
65 810
65 151
65 863
65 714
65 535
65 37
66 778
66 242
66 914
66 168
66 901
66 409
66 633
66 399
66 716
67 51
67 186
67 366
67 131
67 824
67 46
67 193
67 949
67 132
68 4
68 655
68 185
68 950
68 300
68 969
68 544
68 304
68 419
69 313
69 43
69 60
69 522
69 625
69 101
69 7
69 36
69 286
70 8
70 102
70 981
70 871
70 930
70 705
70 968
70 531
70 49
71 852
71 117
71 407
71 205
71 718
71 875
71 476
71 479
71 240
72 317
72 860
72 739
72 144
72 541
72 647
72 722
72 978
72 64
73 292
73 277
73 207
73 57
73 686
73 460
73 936
73 297
73 985
74 409
74 633
74 992
74 148
74 789
74 195
74 66
74 355
74 765
75 800
75 703
75 113
75 515
75 5
75 545
75 707
75 563
75 913
76 513
76 276
76 465
76 20
76 720
76 6
76 673
76 393
76 638
77 545
77 75
77 707
77 365
77 463
77 288
77 455
77 615
77 519
78 800
78 703
78 438
78 563
78 545
78 913
78 515
78 113
78 755
79 937
79 942
79 91
79 993
79 953
79 924
79 702
79 792
79 639
80 179
80 375
80 181
80 728
80 176
80 400
80 175
80 379
80 384
80 367
81 873
81 484
81 837
81 308
81 729
81 612
81 9
81 589
81 624
82 733
82 842
82 96
82 740
82 643
82 542
82 766
82 966
82 235
83 613
83 321
83 498
83 588
83 627
83 2
83 155
83 383
83 230
84 863
84 26
84 37
84 714
84 151
84 448
84 397
84 535
84 581
85 598
85 530
85 142
85 120
85 635
85 685
85 211
85 783
85 16
86 948
86 47
86 39
86 401
86 13
86 423
86 760
86 645
86 363
87 539
87 683
87 813
87 508
87 816
87 692
87 626
87 826
87 674
88 572
88 845
88 106
88 195
88 789
88 115
88 264
88 95
88 94
89 958
89 16
89 211
89 168
89 635
89 530
89 671
89 141
89 391
90 209
90 427
90 65
90 929
90 151
90 831
90 679
90 810
90 40
91 468
91 412
91 792
91 993
91 937
91 942
91 907
91 694
91 952
92 0
92 45
92 421
92 793
92 413
92 77
92 591
92 567
92 615
93 636
93 391
93 482
93 429
93 738
93 89
93 570
93 199
93 815
94 796
94 213
94 471
94 66
94 88
94 150
94 74
94 95
94 115
95 264
95 960
95 529
95 94
95 88
95 471
95 706
95 726
95 115
96 542
96 959
96 740
96 733
96 235
96 82
96 766
96 842
96 966
97 100
97 665
97 991
97 622
97 753
97 573
97 138
97 524
97 763
98 412
98 468
98 187
98 757
98 370
98 619
98 952
98 946
98 346
99 179
99 375
99 181
99 728
99 176
99 400
99 175
99 379
99 384
99 367
100 404
100 775
100 122
100 665
100 829
100 361
100 763
100 320
100 138
101 60
101 154
101 995
101 804
101 69
101 262
101 7
101 286
101 848
102 968
102 705
102 981
102 531
102 8
102 49
102 70
102 335
102 930
103 977
103 271
103 283
103 834
103 712
103 920
103 108
103 444
103 373
104 179
104 375
104 181
104 728
104 176
104 400
104 175
104 379
104 384
104 367
105 382
105 970
105 742
105 690
105 989
105 305
105 571
105 22
105 269
106 529
106 264
106 572
106 57
106 368
106 294
106 460
106 767
106 845
107 540
107 27
107 704
107 3
107 741
107 957
107 372
107 196
107 385
108 421
108 45
108 172
108 640
108 569
108 416
108 725
108 782
108 980
109 999
109 50
109 832
109 197
109 140
109 880
109 658
109 614
109 219
110 628
110 783
110 605
110 380
110 85
110 116
110 142
110 849
110 891
111 239
111 424
111 420
111 609
111 601
111 784
111 677
111 802
111 711
112 325
112 133
112 322
112 859
112 682
112 809
112 951
112 293
112 381
113 800
113 703
113 515
113 5
113 545
113 707
113 75
113 563
113 913
114 902
114 117
114 205
114 240
114 746
114 525
114 479
114 476
114 336
115 696
115 789
115 960
115 726
115 88
115 94
115 706
115 95
115 471
116 85
116 54
116 628
116 745
116 23
116 380
116 110
116 605
116 891
117 407
117 748
117 875
117 205
117 71
117 476
117 479
117 488
117 240
118 179
118 375
118 181
118 728
118 176
118 400
118 175
118 379
118 384
118 367
119 514
119 737
119 446
119 799
119 160
119 874
119 210
119 672
119 331
120 910
120 530
120 16
120 26
120 211
120 635
120 598
120 85
120 685
121 599
121 674
121 169
121 979
121 590
121 229
121 358
121 905
121 323
122 665
122 265
122 100
122 361
122 320
122 829
122 404
122 775
122 138
123 179
123 375
123 181
123 728
123 176
123 400
123 175
123 379
123 384
123 367
124 179
124 375
124 181
124 728
124 176
124 400
124 175
124 379
124 384
124 367
125 179
125 375
125 181
125 728
125 176
125 400
125 175
125 379
125 384
125 367
126 257
126 592
126 546
126 427
126 870
126 282
126 42
126 994
126 811
127 335
127 338
127 342
127 336
127 330
127 334
127 333
127 332
127 331
127 999
128 789
128 69
128 60
128 74
128 836
128 631
128 580
128 355
128 485
129 179
129 375
129 181
129 728
129 176
129 400
129 175
129 379
129 384
129 367
130 179
130 375
130 181
130 728
130 176
130 400
130 175
130 379
130 384
130 367
131 28
131 750
131 186
131 51
131 443
131 25
131 193
131 949
131 943
132 131
132 186
132 46
132 51
132 949
132 193
132 67
132 366
132 824
133 322
133 381
133 951
133 809
133 682
133 293
133 112
133 859
133 325
134 948
134 86
134 47
134 39
134 401
134 13
134 423
134 760
134 645
134 363
135 83
135 155
135 498
135 507
135 230
135 383
135 588
135 472
135 627
136 826
136 508
136 926
136 233
136 248
136 302
136 838
136 674
136 31
137 492
137 41
137 248
137 931
137 516
137 897
137 543
137 38
137 374
138 829
138 991
138 100
138 665
138 763
138 167
138 122
138 333
138 361
139 179
139 375
139 181
139 728
139 176
139 400
139 175
139 379
139 384
139 367
140 999
140 219
140 275
140 614
140 109
140 658
140 880
140 944
140 828
141 399
141 211
141 910
141 530
141 168
141 671
141 89
141 500
141 391
142 211
142 120
142 85
142 16
142 783
142 635
142 482
142 893
142 738
143 691
143 260
143 500
143 259
143 436
143 895
143 32
143 656
143 494
144 206
144 353
144 860
144 939
144 647
144 739
144 541
144 722
144 978
145 594
145 812
145 251
145 744
145 29
145 504
145 405
145 582
145 14
146 335
146 319
146 899
146 730
146 595
146 669
146 345
146 552
146 35
147 427
147 810
147 40
147 697
147 806
147 396
147 352
147 929
147 668
148 74
148 195
148 726
148 960
148 264
148 706
148 351
148 471
148 789
149 804
149 682
149 382
149 204
149 631
149 743
149 646
149 94
149 150
150 97
150 166
150 269
150 334
150 524
150 753
150 649
150 565
150 301
151 448
151 65
151 714
151 37
151 863
151 397
151 209
151 679
151 684
152 307
152 351
152 960
152 830
152 281
152 661
152 698
152 572
152 767
153 243
153 357
153 221
153 354
153 724
153 629
153 408
153 473
153 780
154 685
154 598
154 85
154 120
154 995
154 7
154 262
154 804
154 447
155 613
155 321
155 498
155 588
155 627
155 2
155 383
155 230
155 83
156 218
156 938
156 33
156 41
156 492
156 287
156 350
156 234
156 267
157 138
157 361
157 167
157 171
157 991
157 100
157 622
157 303
157 320
158 3
158 372
158 385
158 704
158 548
158 540
158 27
158 741
158 957
159 606
159 993
159 953
159 924
159 702
159 388
159 798
159 866
159 62
160 779
160 510
160 835
160 856
160 298
160 514
160 446
160 799
160 672
161 396
161 575
161 201
161 278
161 973
161 353
161 198
161 496
161 206
162 62
162 226
162 534
162 411
162 502
162 291
162 225
162 449
162 964
163 179
163 375
163 181
163 728
163 176
163 400
163 175
163 379
163 384
163 367
164 185
164 655
164 419
164 969
164 544
164 304
164 950
164 300
164 68
165 231
165 903
165 222
165 288
165 324
165 455
165 463
165 553
165 519
166 483
166 769
166 192
166 611
166 797
166 759
166 505
166 422
166 576
167 478
167 100
167 340
167 665
167 454
167 762
167 775
167 138
167 474
168 328
168 914
168 242
168 178
168 530
168 910
168 701
168 778
168 399
169 238
169 539
169 905
169 590
169 358
169 121
169 979
169 229
169 323
170 229
170 121
170 268
170 699
170 961
170 398
170 793
170 497
170 967
171 853
171 157
171 320
171 361
171 622
171 991
171 732
171 318
171 303
172 569
172 567
172 214
172 734
172 24
172 45
172 421
172 640
172 416
173 643
173 911
173 538
173 917
173 189
173 996
173 360
173 559
173 274
174 888
174 506
174 884
174 258
174 55
174 237
174 442
174 758
174 637
175 179
175 375
175 181
175 728
175 176
175 400
175 379
175 384
175 367
176 179
176 375
176 181
176 728
176 400
176 175
176 379
176 384
176 367
177 797
177 60
177 522
177 625
177 667
177 568
177 59
177 532
177 36
178 537
178 914
178 256
178 242
178 592
178 399
178 654
178 701
178 42
179 375
179 181
179 728
179 176
179 400
179 175
179 379
179 384
179 367
180 511
180 328
180 453
180 500
180 259
180 260
180 12
180 143
180 436
181 179
181 375
181 728
181 176
181 400
181 175
181 379
181 384
181 367
182 179
182 375
182 181
182 728
182 176
182 400
182 175
182 379
182 384
182 367
183 179
183 375
183 181
183 728
183 176
183 400
183 175
183 379
183 384
183 367
184 179
184 375
184 181
184 728
184 176
184 400
184 175
184 379
184 384
184 367
185 333
185 435
185 304
185 544
185 527
185 950
185 300
185 969
185 419
186 25
186 51
186 67
186 366
186 46
186 949
186 193
186 943
186 131
187 412
187 468
187 346
187 952
187 757
187 98
187 946
187 370
187 619
188 686
188 294
188 830
188 73
188 277
188 207
188 297
188 985
188 936
189 737
189 917
189 542
189 740
189 274
189 235
189 538
189 996
189 998
190 179
190 375
190 181
190 728
190 176
190 400
190 175
190 379
190 384
190 367
191 818
191 649
191 984
191 474
191 775
191 565
191 521
191 454
191 478
192 505
192 914
192 166
192 611
192 422
192 12
192 326
192 483
192 759
193 25
193 51
193 186
193 67
193 824
193 943
193 131
193 949
193 366
194 196
194 372
194 27
194 385
194 3
194 704
194 957
194 107
194 741
195 994
195 282
195 654
195 26
195 84
195 42
195 535
195 592
195 126
196 540
196 27
196 704
196 3
196 741
196 957
196 372
196 107
196 385
197 944
197 50
197 880
197 140
197 614
197 832
197 109
197 219
197 658
198 668
198 396
198 720
198 278
198 206
198 638
198 161
198 353
198 496
199 142
199 530
199 636
199 391
199 671
199 815
199 547
199 141
199 89
200 476
200 240
200 488
200 410
200 902
200 748
200 117
200 746
200 525
201 638
201 198
201 209
201 161
201 668
201 831
201 575
201 697
201 973
202 507
202 663
202 583
202 217
202 208
202 881
202 556
202 135
202 472
203 105
203 269
203 869
203 742
203 847
203 305
203 22
203 369
203 825
204 611
204 893
204 276
204 646
204 804
204 995
204 236
204 154
204 447
205 748
205 479
205 336
205 875
205 117
205 71
205 746
205 476
205 240
206 939
206 353
206 806
206 396
206 668
206 496
206 161
206 278
206 198
207 777
207 830
207 925
207 188
207 936
207 277
207 297
207 985
207 73
208 588
208 83
208 928
208 507
208 472
208 135
208 735
208 217
208 827
209 909
209 397
209 151
209 90
209 679
209 863
209 945
209 831
209 684
210 5
210 113
210 913
210 515
210 545
210 331
210 707
210 800
210 874
211 26
211 910
211 671
211 85
211 635
211 120
211 16
211 530
211 685
212 179
212 375
212 181
212 728
212 176
212 400
212 175
212 379
212 384
212 367
213 453
213 32
213 250
213 21
213 352
213 537
213 796
213 256
213 914
214 24
214 567
214 413
214 591
214 45
214 599
214 451
214 807
214 793
215 133
215 869
215 743
215 825
215 18
215 847
215 682
215 359
215 564
216 179
216 375
216 181
216 728
216 176
216 400
216 175
216 379
216 384
216 367
217 588
217 83
217 928
217 507
217 472
217 135
217 735
217 827
217 208
218 897
218 221
218 855
218 357
218 350
218 287
218 33
218 41
218 492
219 944
219 50
219 658
219 140
219 832
219 109
219 614
219 880
219 197
220 277
220 148
220 110
220 925
220 745
220 580
220 605
220 849
220 380
221 357
221 56
221 243
221 218
221 38
221 788
221 897
221 855
221 516
222 710
222 165
222 10
222 169
222 615
222 816
222 231
222 273
222 0
223 967
223 961
223 314
223 103
223 17
223 373
223 108
223 432
223 444
224 643
224 559
224 596
224 536
224 962
224 917
224 499
224 736
224 911
225 758
225 55
225 174
225 266
225 502
225 964
225 411
225 449
225 888
226 162
226 534
226 291
226 723
226 841
226 659
226 467
226 431
226 963
227 179
227 375
227 181
227 728
227 176
227 400
227 175
227 379
227 384
227 367
228 239
228 641
228 781
228 347
228 772
228 247
228 695
228 677
228 711
229 599
229 674
229 169
229 979
229 590
229 121
229 358
229 905
229 323
230 613
230 321
230 498
230 588
230 627
230 2
230 155
230 383
230 83
231 519
231 463
231 10
231 288
231 273
231 455
231 222
231 987
231 324
232 179
232 375
232 181
232 728
232 176
232 400
232 175
232 379
232 384
232 367
233 826
233 692
233 248
233 926
233 508
233 302
233 136
233 838
233 31
234 451
234 492
234 287
234 33
234 41
234 267
234 156
234 350
234 938
235 842
235 96
235 766
235 559
235 643
235 542
235 82
235 966
235 740
236 513
236 276
236 465
236 638
236 20
236 204
236 447
236 720
236 611
237 888
237 506
237 884
237 258
237 55
237 174
237 442
237 758
237 637
238 233
238 31
238 169
238 776
238 674
238 508
238 826
238 539
238 692
239 228
239 641
239 781
239 347
239 772
239 247
239 695
239 677
239 711
240 71
240 746
240 902
240 748
240 525
240 479
240 476
240 205
240 117
241 565
241 265
241 764
241 478
241 775
241 334
241 649
241 818
241 404
242 592
242 654
242 803
242 511
242 328
242 178
242 399
242 537
242 914
243 516
243 897
243 354
243 795
243 616
243 855
243 788
243 221
243 56
244 793
244 358
244 807
244 591
244 599
244 979
244 169
244 445
244 323
245 65
245 684
245 397
245 863
245 714
245 37
245 494
245 652
245 681
246 469
246 633
246 409
246 66
246 801
246 466
246 890
246 716
246 486
247 239
247 228
247 641
247 781
247 347
247 772
247 695
247 677
247 711
248 470
248 926
248 931
248 136
248 302
248 61
248 233
248 31
248 838
249 551
249 17
249 108
249 725
249 980
249 782
249 664
249 314
249 947
250 352
250 803
250 806
250 771
250 437
250 796
250 53
250 213
250 21
251 968
251 871
251 531
251 405
251 29
251 11
251 600
251 812
251 744
252 448
252 581
252 927
252 765
252 409
252 623
252 633
252 568
252 59
253 762
253 325
253 892
253 859
253 970
253 773
253 364
253 882
253 898
254 179
254 375
254 181
254 728
254 176
254 400
254 175
254 379
254 384
254 367
255 179
255 375
255 181
255 728
255 176
255 400
255 175
255 379
255 384
255 367
256 592
256 178
256 537
256 427
256 21
256 257
256 546
256 213
256 914
257 42
257 427
257 592
257 126
257 870
257 994
257 282
257 546
257 811
258 888
258 506
258 884
258 55
258 237
258 174
258 442
258 758
258 637
259 143
259 257
259 21
259 895
259 656
259 453
259 260
259 537
259 32
260 328
260 511
260 656
260 537
260 259
260 453
260 257
260 32
260 21
261 179
261 375
261 181
261 728
261 176
261 400
261 175
261 379
261 384
261 367
262 447
262 625
262 60
262 804
262 522
262 995
262 7
262 154
262 36
263 179
263 375
263 181
263 728
263 176
263 400
263 175
263 379
263 384
263 367
264 706
264 572
264 195
264 789
264 106
264 767
264 845
264 148
264 529
265 753
265 764
265 100
265 334
265 775
265 404
265 122
265 478
265 829
266 888
266 506
266 884
266 258
266 55
266 237
266 174
266 442
266 758
266 637
267 41
267 350
267 591
267 599
267 234
267 807
267 451
267 156
267 938
268 586
268 699
268 509
268 518
268 398
268 497
268 170
268 967
268 961
269 989
269 454
269 22
269 984
269 690
269 305
269 742
269 571
269 105
270 179
270 375
270 181
270 728
270 176
270 400
270 175
270 379
270 384
270 367
271 442
271 55
271 683
271 660
271 834
271 283
271 920
271 712
271 977
272 991
272 171
272 433
272 157
272 622
272 456
272 886
272 971
272 974
273 288
273 455
273 987
273 0
273 10
273 165
273 615
273 231
273 222
274 911
274 643
274 559
274 998
274 189
274 538
274 996
274 917
274 173
275 109
275 219
275 140
275 658
275 846
275 880
275 854
275 999
275 550
276 909
276 720
276 465
276 425
276 236
276 575
276 638
276 693
276 20
277 73
277 925
277 936
277 207
277 297
277 106
277 188
277 845
277 57
278 147
278 668
278 161
278 198
278 206
278 806
278 496
278 396
278 353
279 179
279 375
279 181
279 728
279 176
279 400
279 175
279 379
279 384
279 367
280 179
280 375
280 181
280 728
280 176
280 400
280 175
280 379
280 384
280 367
281 57
281 351
281 294
281 661
281 152
281 698
281 767
281 830
281 572
282 450
282 535
282 42
282 546
282 994
282 257
282 870
282 811
282 126
283 442
283 55
283 683
283 660
283 834
283 271
283 920
283 712
283 977
284 907
284 477
284 376
284 761
284 306
284 883
284 688
284 487
284 933
285 179
285 375
285 181
285 728
285 176
285 400
285 175
285 379
285 384
285 367
286 759
286 7
286 36
286 576
286 769
286 43
286 60
286 522
286 625
287 374
287 897
287 516
287 495
287 218
287 33
287 492
287 41
287 350
288 987
288 231
288 165
288 324
288 455
288 463
288 903
288 644
288 519
289 233
289 368
289 58
289 406
289 1
289 523
289 896
289 597
289 351
290 160
290 298
290 799
290 514
290 980
290 108
290 782
290 444
290 725
291 62
291 226
291 225
291 411
291 502
291 964
291 449
291 162
291 534
292 985
292 670
292 297
292 460
292 734
292 377
292 73
292 840
292 557
293 325
293 859
293 682
293 133
293 322
293 951
293 112
293 809
293 381
294 281
294 572
294 106
294 698
294 460
294 297
294 57
294 767
294 686
295 392
295 101
295 526
295 343
295 673
295 820
295 430
295 862
295 983
296 31
296 233
296 813
296 683
296 87
296 977
296 626
296 816
296 660
297 57
297 207
297 460
297 294
297 936
297 985
297 188
297 686
297 73
298 940
298 510
298 835
298 514
298 160
298 799
298 446
298 856
298 672
299 460
299 402
299 904
299 889
299 652
299 377
299 628
299 597
299 380
300 333
300 4
300 544
300 389
300 304
300 655
300 969
300 950
300 419
301 265
301 97
301 478
301 524
301 334
301 753
301 649
301 565
301 775
302 826
302 508
302 926
302 136
302 233
302 248
302 838
302 674
302 31
303 100
303 991
303 318
303 320
303 171
303 157
303 361
303 732
303 622
304 300
304 333
304 361
304 318
304 969
304 950
304 544
304 419
304 732
305 571
305 105
305 869
305 742
305 690
305 970
305 989
305 847
305 22
306 727
306 915
306 487
306 688
306 933
306 284
306 761
306 786
306 907
307 58
307 706
307 351
307 767
307 1
307 896
307 572
307 960
307 152
308 873
308 729
308 837
308 612
308 484
308 81
308 9
308 624
308 589
309 179
309 375
309 181
309 728
309 176
309 400
309 175
309 379
309 384
309 367
310 540
310 949
310 750
310 28
310 943
310 131
310 443
310 25
310 51
311 510
311 835
311 779
311 160
311 922
311 934
311 446
311 737
311 672
312 179
312 375
312 181
312 728
312 176
312 400
312 175
312 379
312 384
312 367
313 37
313 863
313 151
313 84
313 945
313 448
313 397
313 684
313 581
314 891
314 54
314 889
314 596
314 586
314 17
314 249
314 108
314 782
315 179
315 375
315 181
315 728
315 176
315 400
315 175
315 379
315 384
315 367
316 179
316 375
316 181
316 728
316 176
316 400
316 175
316 379
316 384
316 367
317 722
317 700
317 720
317 465
317 330
317 513
317 236
317 393
317 64
318 138
318 320
318 333
318 763
318 732
318 991
318 361
318 171
318 303
319 49
319 8
319 705
319 102
319 981
319 335
319 595
319 730
319 345
320 732
320 318
320 122
320 100
320 991
320 361
320 171
320 303
320 157
321 613
321 155
321 383
321 2
321 230
321 588
321 498
321 627
321 83
322 682
322 325
322 133
322 112
322 859
322 951
322 381
322 293
322 809
323 692
323 508
323 229
323 905
323 121
323 169
323 590
323 358
323 979
324 987
324 231
324 455
324 288
324 463
324 903
324 644
324 519
324 165
325 869
325 112
325 293
325 809
325 253
325 381
325 951
325 859
325 133
326 257
326 352
326 537
326 192
326 796
326 256
326 12
326 21
326 213
327 219
327 441
327 50
327 249
327 164
327 878
327 17
327 944
327 314
328 256
328 178
328 21
328 537
328 511
328 399
328 914
328 803
328 242
329 932
329 876
329 289
329 58
329 523
329 650
329 597
329 857
329 517
330 20
330 912
330 6
330 465
330 393
330 693
330 513
330 720
330 778
331 514
331 569
331 24
331 119
331 210
331 172
331 874
331 640
331 416
332 749
332 691
332 436
332 823
332 475
332 650
332 180
332 657
332 876
333 898
333 361
333 991
333 4
333 622
333 763
333 853
333 138
333 503
334 764
334 775
334 404
334 265
334 301
334 649
334 524
334 753
334 565
335 102
335 981
335 49
335 705
335 8
335 595
335 730
335 345
335 319
336 410
336 240
336 746
336 476
336 748
336 479
336 205
336 114
336 868
337 496
337 147
337 278
337 668
337 396
337 806
337 59
337 653
337 756
338 179
338 375
338 181
338 728
338 176
338 400
338 175
338 379
338 384
338 367
339 544
339 935
339 304
339 362
339 818
339 387
339 526
339 862
339 320
340 167
340 454
340 984
340 665
340 882
340 690
340 892
340 762
340 474
341 218
341 234
341 33
341 938
341 267
341 287
341 156
341 495
341 451
342 517
342 885
342 586
342 961
342 889
342 170
342 268
342 904
342 876
343 783
343 893
343 16
343 671
343 6
343 673
343 958
343 526
343 392
344 179
344 375
344 181
344 728
344 176
344 400
344 175
344 379
344 384
344 367
345 49
345 8
345 705
345 102
345 319
345 981
345 335
345 595
345 730
346 62
346 619
346 370
346 952
346 412
346 468
346 946
346 98
346 187
347 239
347 228
347 641
347 781
347 772
347 247
347 695
347 677
347 711
348 179
348 375
348 181
348 728
348 176
348 400
348 175
348 379
348 384
348 367
349 179
349 375
349 181
349 728
349 176
349 400
349 175
349 379
349 384
349 367
350 516
350 897
350 156
350 38
350 218
350 492
350 33
350 287
350 41
351 706
351 726
351 307
351 289
351 767
351 58
351 960
351 896
351 1
352 213
352 895
352 914
352 40
352 668
352 256
352 427
352 929
352 147
353 638
353 668
353 720
353 396
353 496
353 278
353 161
353 206
353 198
354 788
354 855
354 408
354 221
354 616
354 153
354 795
354 243
354 972
355 148
355 195
355 696
355 836
355 485
355 789
355 631
355 264
355 74
356 179
356 375
356 181
356 728
356 176
356 400
356 175
356 379
356 384
356 367
357 492
357 41
357 153
357 629
357 350
357 218
357 473
357 855
357 221
358 692
358 508
358 229
358 905
358 121
358 169
358 590
358 323
358 979
359 564
359 133
359 809
359 951
359 112
359 825
359 381
359 682
359 293
360 996
360 224
360 274
360 917
360 911
360 538
360 189
360 680
360 173
361 320
361 171
361 991
361 122
361 138
361 732
361 303
361 100
361 318
362 454
362 775
362 984
362 665
362 474
362 478
362 818
362 387
362 935
363 948
363 86
363 47
363 39
363 401
363 13
363 423
363 760
363 645
364 970
364 394
364 882
364 253
364 762
364 892
364 503
364 898
364 773
365 707
365 113
365 45
365 214
365 591
365 515
365 567
365 77
365 615
366 51
366 131
366 186
366 67
366 824
366 193
366 46
366 949
366 132
367 179
367 375
367 181
367 728
367 176
367 400
367 175
367 379
367 384
368 845
368 57
368 58
368 289
368 460
368 106
368 529
368 523
368 597
369 521
369 571
369 305
369 742
369 269
369 105
369 395
369 203
369 52
370 757
370 346
370 952
370 412
370 468
370 619
370 187
370 946
370 98
371 179
371 375
371 181
371 728
371 176
371 400
371 175
371 379
371 384
371 367
372 540
372 27
372 704
372 3
372 741
372 957
372 107
372 196
372 385
373 754
373 103
373 108
373 170
373 444
373 967
373 403
373 528
373 961
374 287
374 61
374 543
374 897
374 33
374 516
374 248
374 38
374 137
375 179
375 181
375 728
375 176
375 400
375 175
375 379
375 384
375 367
376 757
376 616
376 487
376 761
376 606
376 688
376 284
376 933
376 883
377 889
377 54
377 380
377 57
377 460
377 840
377 292
377 593
377 73
378 86
378 363
378 39
378 948
378 645
378 760
378 462
378 923
378 986
379 179
379 375
379 181
379 728
379 176
379 400
379 175
379 384
379 367
380 448
380 598
380 581
380 681
380 245
380 731
380 116
380 745
380 605
381 325
381 859
381 322
381 682
381 133
381 809
381 951
381 112
381 293
382 989
382 112
382 970
382 571
382 133
382 951
382 682
382 859
382 742
383 613
383 321
383 498
383 588
383 627
383 2
383 155
383 230
383 83
384 179
384 375
384 181
384 728
384 176
384 400
384 175
384 379
384 367
385 540
385 27
385 704
385 3
385 741
385 957
385 372
385 107
385 196
386 888
386 506
386 884
386 258
386 55
386 237
386 174
386 442
386 758
386 637
387 340
387 984
387 989
387 892
387 474
387 690
387 970
387 362
387 935
388 354
388 376
388 243
388 727
388 616
388 883
388 606
388 972
388 795
389 100
389 829
389 544
389 333
389 419
389 300
389 950
389 4
389 435
390 456
390 320
390 764
390 303
390 657
390 157
390 272
390 971
390 823
391 910
391 16
391 168
391 635
391 211
391 530
391 671
391 141
391 89
392 429
392 343
392 16
392 958
392 142
392 482
392 893
392 738
392 783
393 437
393 638
393 912
393 396
393 330
393 693
393 720
393 20
393 513
394 763
394 253
394 773
394 333
394 622
394 364
394 853
394 898
394 503
395 825
395 970
395 439
395 989
395 715
395 869
395 847
395 305
395 22
396 697
396 206
396 353
396 198
396 147
396 806
396 496
396 278
396 668
397 945
397 84
397 684
397 448
397 581
397 151
397 37
397 863
397 714
398 967
398 413
398 567
398 699
398 0
398 793
398 961
398 497
398 170
399 910
399 654
399 778
399 914
399 328
399 178
399 701
399 168
399 242
400 179
400 375
400 181
400 728
400 176
400 175
400 379
400 384
400 367
401 948
401 86
401 47
401 39
401 13
401 423
401 760
401 645
401 363
402 912
402 276
402 465
402 638
402 211
402 20
402 693
402 76
402 731
403 470
403 528
403 926
403 761
403 988
403 434
403 754
403 518
403 708
404 241
404 764
404 829
404 265
404 524
404 122
404 753
404 100
404 775
405 11
405 504
405 600
405 582
405 14
405 744
405 251
405 812
405 29
406 838
406 539
406 238
406 776
406 826
406 508
406 289
406 692
406 674
407 476
407 117
407 488
407 718
407 875
407 852
407 71
407 561
407 864
408 357
408 724
408 630
408 473
408 780
408 354
408 795
408 153
408 629
409 623
409 66
409 252
409 992
409 568
409 59
409 927
409 633
409 765
410 476
410 205
410 879
410 902
410 746
410 808
410 525
410 748
410 868
411 758
411 55
411 174
411 266
411 502
411 964
411 449
411 888
411 225
412 62
412 619
412 370
412 952
412 346
412 468
412 946
412 98
412 187
413 45
413 214
413 599
413 451
413 793
413 567
413 591
413 267
413 807
414 405
414 14
414 510
414 504
414 620
414 940
414 934
414 835
414 594
415 179
415 375
415 181
415 728
415 176
415 400
415 175
415 379
415 384
415 367
416 567
416 421
416 24
416 699
416 569
416 793
416 172
416 640
416 331
417 179
417 375
417 181
417 728
417 176
417 400
417 175
417 379
417 384
417 367
418 560
418 376
418 518
418 618
418 708
418 403
418 477
418 517
418 932
419 969
419 100
419 122
419 829
419 300
419 544
419 304
419 655
419 950
420 239
420 228
420 641
420 781
420 347
420 772
420 247
420 695
420 677
420 711
421 640
421 699
421 172
421 24
421 45
421 413
421 244
421 793
421 567
422 7
422 43
422 166
422 769
422 447
422 483
422 611
422 759
422 576
423 948
423 86
423 47
423 39
423 401
423 13
423 760
423 645
423 363
424 239
424 228
424 641
424 781
424 347
424 772
424 247
424 695
424 677
424 711
425 151
425 84
425 731
425 693
425 26
425 909
425 448
425 848
425 598
426 179
426 375
426 181
426 728
426 176
426 400
426 175
426 379
426 384
426 367
427 42
427 282
427 994
427 810
427 546
427 811
427 40
427 126
427 870
428 179
428 375
428 181
428 728
428 176
428 400
428 175
428 379
428 384
428 367
429 635
429 482
429 783
429 85
429 646
429 893
429 142
429 738
429 636
430 54
430 101
430 628
430 69
430 891
430 23
430 605
430 380
430 849
431 408
431 780
431 724
431 963
431 467
431 556
431 723
431 663
431 630
432 460
432 57
432 767
432 294
432 572
432 845
432 337
432 223
432 106
433 171
433 991
433 573
433 622
433 272
433 886
433 974
433 971
433 456
434 233
434 31
434 838
434 988
434 136
434 302
434 487
434 470
434 926
435 474
435 665
435 185
435 655
435 527
435 300
435 389
435 4
435 333
436 32
436 500
436 260
436 453
436 143
436 259
436 180
436 895
436 691
437 771
437 914
437 806
437 803
437 352
437 213
437 250
437 796
437 53
438 545
438 913
438 515
438 113
438 768
438 632
438 755
438 464
438 78
439 322
439 951
439 381
439 682
439 293
439 133
439 359
439 112
439 809
440 239
440 228
440 641
440 781
440 347
440 772
440 247
440 695
440 677
440 711
441 17
441 782
441 327
441 944
441 664
441 249
441 103
441 314
441 947
442 888
442 506
442 884
442 258
442 55
442 237
442 174
442 758
442 637
443 27
443 131
443 158
443 25
443 540
443 548
443 28
443 943
443 750
444 861
444 919
444 865
444 677
444 108
444 601
444 609
444 103
444 373
445 793
445 358
445 323
445 244
445 591
445 807
445 169
445 979
445 599
446 940
446 835
446 856
446 514
446 160
446 298
446 799
446 510
446 672
447 576
447 154
447 759
447 204
447 483
447 995
447 7
447 422
447 611
448 37
448 598
448 684
448 313
448 151
448 397
448 581
448 863
448 84
449 758
449 55
449 174
449 266
449 502
449 964
449 411
449 888
449 225
450 535
450 42
450 257
450 870
450 546
450 126
450 811
450 282
450 994
451 599
451 445
451 807
451 156
451 214
451 267
451 413
451 234
451 938
452 179
452 375
452 181
452 728
452 176
452 400
452 175
452 379
452 384
452 367
453 328
453 796
453 213
453 537
453 32
453 511
453 21
453 259
453 260
454 665
454 762
454 892
454 167
454 690
454 984
454 340
454 478
454 474
455 987
455 231
455 165
455 324
455 463
455 903
455 644
455 519
455 288
456 48
456 991
456 974
456 971
456 622
456 167
456 157
456 272
456 433
457 179
457 375
457 181
457 728
457 176
457 400
457 175
457 379
457 384
457 367
458 237
458 888
458 55
458 506
458 266
458 386
458 637
458 884
458 678
459 466
459 185
459 491
459 814
459 715
459 527
459 246
459 469
459 877
460 670
460 523
460 57
460 368
460 297
460 106
460 73
460 294
460 686
461 179
461 375
461 181
461 728
461 176
461 400
461 175
461 379
461 384
461 367
462 86
462 363
462 39
462 948
462 645
462 378
462 760
462 923
462 986
463 987
463 231
463 165
463 324
463 455
463 903
463 644
463 519
463 288
464 707
464 75
464 545
464 755
464 78
464 632
464 438
464 768
464 800
465 693
465 276
465 236
465 513
465 317
465 912
465 20
465 720
465 330
466 252
466 992
466 59
466 716
466 409
466 633
466 246
466 765
466 486
467 556
467 663
467 659
467 431
467 723
467 963
467 630
467 226
467 841
468 62
468 619
468 370
468 952
468 346
468 412
468 946
468 98
468 187
469 877
469 491
469 890
469 486
469 459
469 466
469 716
469 801
469 246
470 838
470 136
470 883
470 248
470 434
470 931
470 487
470 988
470 926
471 264
471 511
471 328
471 789
471 195
471 696
471 726
471 960
471 706
472 83
472 155
472 498
472 507
472 230
472 383
472 588
472 627
472 135
473 747
473 610
473 480
473 408
473 724
473 629
473 153
473 357
473 780
474 167
474 478
474 690
474 665
474 892
474 762
474 454
474 984
474 340
475 815
475 904
475 402
475 823
475 657
475 18
475 19
475 332
475 749
476 902
476 875
476 525
476 240
476 117
476 748
476 746
476 205
476 479
477 487
477 376
477 883
477 560
477 694
477 688
477 284
477 933
477 932
478 301
478 649
478 265
478 665
478 565
478 454
478 474
478 775
478 984
479 875
479 746
479 525
479 748
479 71
479 117
479 240
479 205
479 476
480 556
480 663
480 357
480 473
480 629
480 610
480 780
480 747
480 724
481 741
481 27
481 3
481 372
481 385
481 202
481 687
481 107
481 196
482 635
482 783
482 85
482 646
482 142
482 636
482 893
482 429
482 738
483 912
483 166
483 778
483 759
483 422
483 995
483 192
483 447
483 611
484 837
484 873
484 624
484 9
484 589
484 308
484 81
484 729
484 612
485 74
485 661
485 696
485 631
485 264
485 355
485 836
485 789
485 128
486 59
486 633
486 992
486 765
486 409
486 246
486 66
486 466
486 716
487 887
487 688
487 761
487 926
487 284
487 883
487 434
487 988
487 470
488 867
488 751
488 117
488 790
488 875
488 718
488 852
488 407
488 864
489 179
489 375
489 181
489 728
489 176
489 400
489 175
489 379
489 384
489 367
490 179
490 375
490 181
490 728
490 176
490 400
490 175
490 379
490 384
490 367
491 738
491 429
491 482
491 927
491 801
491 636
491 833
491 716
491 547
492 516
492 897
492 156
492 38
492 218
492 33
492 287
492 350
492 41
493 842
493 856
493 672
493 160
493 514
493 298
493 799
493 770
493 509
494 546
494 65
494 535
494 656
494 126
494 870
494 811
494 994
494 282
495 350
495 492
495 169
495 267
495 710
495 374
495 938
495 33
495 287
496 720
496 668
496 638
496 396
496 161
496 198
496 278
496 206
496 353
497 710
497 961
497 413
497 553
497 170
497 567
497 793
497 0
497 398
498 613
498 321
498 588
498 627
498 2
498 155
498 383
498 230
498 83
499 542
499 842
499 643
499 559
499 766
499 962
499 733
499 536
499 736
500 178
500 701
500 654
500 141
500 778
500 143
500 895
500 656
500 399
501 179
501 375
501 181
501 728
501 176
501 400
501 175
501 379
501 384
501 367
502 758
502 55
502 174
502 266
502 964
502 411
502 449
502 888
502 225
503 762
503 763
503 364
503 394
503 333
503 622
503 853
503 4
503 898
504 812
504 744
504 620
504 582
504 14
504 29
504 594
504 405
504 414
505 396
505 53
505 326
505 806
505 192
505 603
505 709
505 166
505 437
506 888
506 884
506 258
506 55
506 237
506 174
506 442
506 758
506 637
507 155
507 383
507 2
507 230
507 472
507 83
507 135
507 588
507 498
508 358
508 233
508 238
508 826
508 776
508 31
508 539
508 674
508 692
509 793
509 586
509 92
509 416
509 569
509 172
509 640
509 885
509 699
510 514
510 298
510 414
510 856
510 620
510 446
510 835
510 934
510 940
511 178
511 453
511 242
511 256
511 914
511 328
511 537
511 803
511 21
512 13
512 948
512 423
512 39
512 363
512 587
512 760
512 401
512 86
513 778
513 352
513 330
513 20
513 393
513 693
513 912
513 638
513 720
514 940
514 510
514 856
514 160
514 799
514 446
514 835
514 298
514 672
515 800
515 703
515 113
515 5
515 545
515 707
515 75
515 563
515 913
516 56
516 788
516 221
516 543
516 137
516 855
516 38
516 897
516 374
517 477
517 403
517 708
517 876
517 932
517 329
517 857
517 650
517 418
518 528
518 967
518 932
518 418
518 517
518 708
518 754
518 268
518 403
519 987
519 231
519 165
519 324
519 455
519 463
519 903
519 644
519 288
520 746
520 71
520 240
520 117
520 476
520 867
520 205
520 607
520 479
521 334
521 454
521 265
521 649
521 565
521 191
521 818
521 984
521 478
522 36
522 759
522 7
522 60
522 286
522 576
522 43
522 625
522 769
523 406
523 961
523 896
523 170
523 460
523 368
523 58
523 289
523 597
524 775
524 122
524 301
524 404
524 829
524 565
524 649
524 753
524 334
525 205
525 117
525 902
525 476
525 410
525 748
525 808
525 746
525 240
526 76
526 862
526 101
526 69
526 392
526 958
526 343
526 6
526 673
527 167
527 775
527 956
527 715
527 665
527 814
527 185
527 52
527 478
528 692
528 508
528 826
528 233
528 31
528 238
528 776
528 61
528 539
529 845
529 58
529 767
529 471
529 351
529 195
529 264
529 368
529 106
530 168
530 211
530 778
530 120
530 671
530 685
530 635
530 16
530 910
531 8
531 102
531 981
531 871
531 930
531 705
531 70
531 968
531 49
532 765
532 797
532 59
532 43
532 769
532 576
532 568
532 177
532 667
533 73
533 460
533 106
533 938
533 277
533 670
533 686
533 368
533 445
534 62
534 226
534 225
534 411
534 502
534 964
534 449
534 162
534 291
535 84
535 811
535 37
535 994
535 126
535 42
535 282
535 714
535 65
536 559
536 96
536 82
536 842
536 766
536 733
536 962
536 499
536 736
537 453
537 260
537 256
537 257
537 914
537 511
537 21
537 328
537 242
538 740
538 274
538 542
538 559
538 917
538 996
538 173
538 643
538 189
539 233
539 31
539 169
539 776
539 674
539 508
539 826
539 692
539 238
540 3
540 372
540 385
540 158
540 704
540 548
540 27
540 741
540 957
541 198
541 278
541 161
541 496
541 353
541 739
541 206
541 647
541 939
542 96
542 917
542 235
542 82
542 559
542 766
542 740
542 643
542 966
543 492
543 41
543 248
543 931
543 516
543 897
543 137
543 38
543 374
544 361
544 138
544 333
544 4
544 655
544 419
544 950
544 969
544 304
545 800
545 703
545 113
545 515
545 5
545 707
545 75
545 563
545 913
546 42
546 592
546 427
546 282
546 126
546 994
546 811
546 257
546 870
547 901
547 211
547 89
547 16
547 635
547 530
547 833
547 893
547 927
548 3
548 372
548 385
548 158
548 704
548 540
548 27
548 741
548 957
549 179
549 375
549 181
549 728
549 176
549 400
549 175
549 379
549 384
549 367
550 832
550 219
550 658
550 50
550 846
550 854
550 275
550 880
550 999
551 850
551 356
551 316
551 348
551 872
551 344
551 947
551 338
551 367
552 335
552 319
552 899
552 730
552 595
552 669
552 345
552 146
552 35
553 644
553 903
553 273
553 288
553 165
553 324
553 455
553 463
553 519
554 179
554 375
554 181
554 728
554 176
554 400
554 175
554 379
554 384
554 367
555 179
555 375
555 181
555 728
555 176
555 400
555 175
555 379
555 384
555 367
556 473
556 610
556 630
556 431
556 747
556 780
556 663
556 480
556 724
557 578
557 840
557 119
557 734
557 596
557 377
557 586
557 509
557 292
558 600
558 14
558 744
558 812
558 405
558 29
558 839
558 251
558 582
559 966
559 766
559 82
559 962
559 235
559 740
559 643
559 917
559 542
560 932
560 883
560 933
560 857
560 688
560 284
560 477
560 887
560 786
561 479
561 488
561 117
561 205
561 407
561 71
561 476
561 875
561 718
562 769
562 697
562 198
562 201
562 161
562 973
562 166
562 36
562 797
563 800
563 703
563 113
563 515
563 5
563 545
563 707
563 75
563 913
564 951
564 293
564 381
564 112
564 359
564 133
564 682
564 743
564 825
565 454
565 265
565 775
565 753
565 334
565 301
565 649
565 478
565 524
566 179
566 375
566 181
566 728
566 176
566 400
566 175
566 379
566 384
566 367
567 615
567 0
567 807
567 413
567 45
567 793
567 591
567 214
567 599
568 252
568 623
568 633
568 409
568 59
568 177
568 765
568 667
568 532
569 885
569 24
569 331
569 640
569 421
569 699
569 172
569 793
569 416
570 475
570 482
570 429
570 93
570 636
570 815
570 738
570 199
570 89
571 382
571 690
571 305
571 989
571 970
571 22
571 742
571 105
571 269
572 294
572 106
572 767
572 661
572 152
572 845
572 281
572 830
572 698
573 622
573 361
573 763
573 97
573 991
573 171
573 303
573 318
573 732
574 179
574 375
574 181
574 728
574 176
574 400
574 175
574 379
574 384
574 367
575 353
575 638
575 496
575 20
575 697
575 198
575 201
575 973
575 161
576 60
576 7
576 422
576 286
576 522
576 625
576 43
576 769
576 759
577 179
577 375
577 181
577 728
577 176
577 400
577 175
577 379
577 384
577 367
578 188
578 331
578 916
578 172
578 207
578 734
578 24
578 119
578 985
579 179
579 375
579 181
579 728
579 176
579 400
579 175
579 379
579 384
579 367
580 148
580 789
580 220
580 355
580 128
580 277
580 925
580 849
580 631
581 37
581 714
581 151
581 945
581 84
581 684
581 397
581 863
581 448
582 594
582 600
582 504
582 744
582 14
582 29
582 812
582 251
582 405
583 467
583 963
583 162
583 431
583 291
583 534
583 507
583 472
583 135
584 179
584 375
584 181
584 728
584 176
584 400
584 175
584 379
584 384
584 367
585 179
585 375
585 181
585 728
585 176
585 400
585 175
585 379
585 384
585 367
586 172
586 509
586 734
586 699
586 596
586 885
586 416
586 569
586 640
587 948
587 86
587 47
587 39
587 401
587 13
587 423
587 760
587 645
587 363
588 613
588 321
588 498
588 627
588 2
588 155
588 383
588 230
588 83
589 873
589 484
589 729
589 837
589 624
589 612
589 9
589 81
589 308
590 599
590 674
590 169
590 979
590 121
590 229
590 358
590 905
590 323
591 979
591 121
591 323
591 229
591 905
591 214
591 590
591 599
591 807
592 427
592 811
592 994
592 282
592 42
592 546
592 654
592 126
592 257
593 945
593 195
593 765
593 581
593 106
593 633
593 252
593 845
593 623
594 940
594 934
594 582
594 29
594 405
594 620
594 414
594 504
594 14
595 49
595 8
595 705
595 102
595 319
595 981
595 335
595 730
595 345
596 536
596 885
596 736
596 224
596 962
596 911
596 917
596 586
596 499
597 57
597 820
597 681
597 460
597 106
597 58
597 523
597 368
597 289
598 745
598 581
598 84
598 425
598 848
598 120
598 26
598 448
598 685
599 979
599 358
599 214
599 905
599 229
599 591
599 807
599 590
599 121
600 70
600 968
600 930
600 871
600 744
600 11
600 812
600 251
600 531
601 239
601 228
601 641
601 781
601 347
601 772
601 247
601 695
601 677
601 711
602 179
602 375
602 181
602 728
602 176
602 400
602 175
602 379
602 384
602 367
603 53
603 771
603 709
603 166
603 505
603 437
603 700
603 192
603 12
604 196
604 107
604 385
604 372
604 3
604 957
604 741
604 704
604 27
605 220
605 23
605 849
605 116
605 745
605 598
605 110
605 891
605 380
606 284
606 243
606 972
606 688
606 883
606 376
606 388
606 616
606 727
607 902
607 525
607 410
607 748
607 746
607 751
607 867
607 879
607 520
608 179
608 375
608 181
608 728
608 176
608 400
608 175
608 379
608 384
608 367
609 239
609 228
609 641
609 781
609 347
609 772
609 247
609 695
609 677
609 711
610 556
610 663
610 357
610 473
610 629
610 780
610 747
610 480
610 724
611 912
611 693
611 576
611 995
611 166
611 759
611 447
611 422
611 483
612 873
612 729
612 484
612 837
612 624
612 308
612 9
612 81
612 589
613 865
613 347
613 861
613 641
613 424
613 601
613 677
613 420
613 239
614 275
614 140
614 50
614 832
614 880
614 658
614 197
614 219
614 109
615 0
615 365
615 10
615 222
615 273
615 231
615 77
615 591
615 567
616 972
616 988
616 470
616 56
616 788
616 606
616 931
616 883
616 243
617 179
617 375
617 181
617 728
617 176
617 400
617 175
617 379
617 384
617 367
618 329
618 857
618 477
618 694
618 517
618 560
618 650
618 932
618 418
619 346
619 412
619 468
619 187
619 370
619 757
619 952
619 946
619 98
620 446
620 14
620 504
620 835
620 594
620 414
620 510
620 934
620 940
621 33
621 248
621 61
621 38
621 516
621 897
621 137
621 543
621 374
622 763
622 394
622 138
622 303
622 853
622 171
622 991
622 503
622 333
623 409
623 863
623 684
623 765
623 633
623 945
623 252
623 568
623 59
624 484
624 873
624 9
624 729
624 837
624 81
624 612
624 308
624 589
625 759
625 522
625 36
625 60
625 576
625 769
625 7
625 286
625 43
626 31
626 136
626 302
626 838
626 813
626 296
626 816
626 87
626 683
627 613
627 321
627 498
627 588
627 2
627 155
627 383
627 230
627 83
628 299
628 849
628 380
628 110
628 116
628 891
628 54
628 605
628 23
629 747
629 610
629 480
629 408
629 724
629 473
629 153
629 357
629 780
630 556
630 473
630 629
630 723
630 780
630 153
630 724
630 408
630 431
631 778
631 120
631 685
631 910
631 995
631 16
631 635
631 530
631 355
632 545
632 75
632 800
632 755
632 703
632 78
632 464
632 768
632 438
633 84
633 568
633 623
633 927
633 59
633 66
633 765
633 252
633 409
634 525
634 240
634 476
634 748
634 867
634 200
634 479
634 117
634 488
635 783
635 671
635 910
635 685
635 211
635 85
635 120
635 530
635 16
636 783
636 893
636 833
636 429
636 142
636 738
636 646
636 547
636 482
637 888
637 506
637 884
637 258
637 55
637 237
637 174
637 442
637 758
638 353
638 496
638 396
638 575
638 668
638 513
638 198
638 720
638 20
639 91
639 62
639 953
639 993
639 924
639 942
639 702
639 79
639 792
640 699
640 331
640 734
640 45
640 421
640 24
640 569
640 172
640 416
641 239
641 228
641 781
641 347
641 772
641 247
641 695
641 677
641 711
642 179
642 375
642 181
642 728
642 176
642 400
642 175
642 379
642 384
642 367
643 966
643 766
643 82
643 962
643 235
643 740
643 917
643 542
643 559
644 165
644 231
644 987
644 324
644 903
644 519
644 463
644 455
644 288
645 948
645 86
645 47
645 39
645 401
645 13
645 423
645 760
645 363
646 995
646 636
646 154
646 783
646 738
646 142
646 204
646 893
646 482
647 161
647 144
647 496
647 739
647 353
647 278
647 541
647 939
647 206
648 179
648 375
648 181
648 728
648 176
648 400
648 175
648 379
648 384
648 367
649 404
649 478
649 775
649 265
649 753
649 301
649 334
649 524
649 565
650 857
650 260
650 453
650 329
650 691
650 517
650 259
650 436
650 180
651 948
651 86
651 47
651 39
651 401
651 13
651 423
651 760
651 645
651 363
652 863
652 209
652 151
652 684
652 681
652 679
652 494
652 731
652 245
653 396
653 250
653 278
653 53
653 437
653 806
653 771
653 890
653 700
654 282
654 257
654 427
654 126
654 178
654 656
654 42
654 592
654 546
655 892
655 984
655 762
655 419
655 340
655 474
655 544
655 4
655 665
656 546
656 282
656 994
656 257
656 42
656 126
656 494
656 592
656 654
657 749
657 475
657 19
657 180
657 241
657 764
657 823
657 332
657 390
658 275
658 944
658 50
658 614
658 197
658 140
658 109
658 880
658 219
659 291
659 162
659 630
659 226
659 723
659 963
659 431
659 467
659 841
660 87
660 816
660 626
660 231
660 683
660 296
660 977
660 987
660 813
661 264
661 960
661 706
661 830
661 281
661 767
661 698
661 572
661 152
662 179
662 375
662 181
662 728
662 176
662 400
662 175
662 379
662 384
662 367
663 473
663 610
663 630
663 431
663 747
663 780
663 480
663 556
663 724
664 103
664 314
664 980
664 725
664 551
664 782
664 249
664 947
664 441
665 478
665 333
665 763
665 100
665 340
665 762
665 474
665 167
665 138
666 179
666 375
666 181
666 728
666 176
666 400
666 175
666 379
666 384
666 367
667 769
667 43
667 625
667 568
667 36
667 532
667 59
667 522
667 177
668 496
668 929
668 806
668 278
668 198
668 147
668 638
668 396
668 697
669 335
669 319
669 899
669 730
669 595
669 345
669 146
669 552
669 35
670 451
670 699
670 599
670 591
670 445
670 214
670 734
670 807
670 686
671 701
671 635
671 141
671 910
671 391
671 16
671 211
671 530
671 958
672 779
672 510
672 835
672 856
672 298
672 514
672 446
672 160
672 799
673 465
673 958
673 101
673 893
673 392
673 526
673 6
673 343
673 76
674 302
674 136
674 826
674 776
674 238
674 838
674 508
674 692
674 539
675 475
675 954
675 889
675 466
675 19
675 904
675 749
675 801
675 342
676 744
676 531
676 968
676 930
676 871
676 70
676 713
676 600
676 11
677 239
677 228
677 641
677 781
677 347
677 772
677 247
677 695
677 711
678 237
678 888
678 55
678 506
678 266
678 386
678 637
678 884
678 458
679 714
679 37
679 863
679 90
679 684
679 831
679 65
679 151
679 209
680 911
680 917
680 173
680 538
680 274
680 189
680 996
680 998
680 360
681 282
681 714
681 494
681 656
681 65
681 535
681 652
681 245
681 37
682 869
682 859
682 133
682 951
682 809
682 293
682 381
682 359
682 112
683 977
683 231
683 296
683 273
683 816
683 626
683 87
683 813
683 660
684 209
684 679
684 581
684 151
684 863
684 397
684 714
684 945
684 37
685 16
685 530
685 635
685 211
685 85
685 910
685 598
685 26
685 120
686 214
686 591
686 599
686 807
686 294
686 460
686 73
686 297
686 670
687 741
687 27
687 3
687 372
687 385
687 202
687 481
687 107
687 196
688 477
688 606
688 883
688 306
688 376
688 694
688 933
688 487
688 284
689 179
689 375
689 181
689 728
689 176
689 400
689 175
689 379
689 384
689 367
690 22
690 762
690 340
690 984
690 474
690 989
690 892
690 970
690 882
691 260
691 32
691 500
691 453
691 259
691 180
691 895
691 436
691 143
692 358
692 233
692 508
692 238
692 826
692 776
692 31
692 539
692 674
693 330
693 638
693 611
693 778
693 6
693 20
693 513
693 912
693 425
694 306
694 907
694 688
694 477
694 933
694 757
694 284
694 952
694 376
695 239
695 228
695 641
695 781
695 347
695 772
695 247
695 677
695 711
696 148
696 661
696 355
696 789
696 726
696 471
696 960
696 836
696 706
697 198
697 396
697 147
697 973
697 90
697 201
697 831
697 668
697 929
698 406
698 686
698 661
698 572
698 830
698 281
698 767
698 152
698 294
699 961
699 569
699 640
699 567
699 445
699 793
699 421
699 416
699 413
700 603
700 739
700 437
700 806
700 250
700 53
700 771
700 653
700 709
701 42
701 592
701 168
701 654
701 26
701 910
701 778
701 399
701 178
702 79
702 159
702 62
702 942
702 639
702 792
702 924
702 953
702 993
703 800
703 113
703 515
703 5
703 545
703 707
703 75
703 563
703 913
704 3
704 385
704 107
704 540
704 548
704 158
704 27
704 741
704 957
705 968
705 981
705 531
705 8
705 49
705 70
705 102
705 335
705 930
706 661
706 1
706 264
706 789
706 351
706 696
706 726
706 960
706 471
707 800
707 703
707 113
707 515
707 5
707 545
707 75
707 563
707 913
708 470
708 988
708 926
708 754
708 403
708 518
708 761
708 434
708 528
709 166
709 806
709 700
709 437
709 603
709 53
709 250
709 771
709 505
710 0
710 776
710 238
710 358
710 539
710 979
710 495
710 323
710 169
711 239
711 228
711 641
711 781
711 347
711 772
711 247
711 695
711 677
712 884
712 506
712 258
712 660
712 271
712 920
712 977
712 283
712 834
713 70
713 405
713 29
713 11
713 812
713 600
713 251
713 744
713 676
714 679
714 535
714 397
714 151
714 684
714 581
714 65
714 863
714 37
715 369
715 989
715 439
715 859
715 395
715 527
715 22
715 970
715 52
716 890
716 409
716 633
716 466
716 246
716 927
716 901
716 66
716 486
717 401
717 587
717 986
717 760
717 462
717 378
717 47
717 39
717 645
718 476
718 117
718 71
718 852
718 864
718 561
718 407
718 488
718 875
719 179
719 375
719 181
719 728
719 176
719 400
719 175
719 379
719 384
719 367
720 912
720 396
720 278
720 20
720 496
720 198
720 638
720 353
720 513
721 179
721 375
721 181
721 728
721 176
721 400
721 175
721 379
721 384
721 367
722 317
722 72
722 647
722 860
722 739
722 541
722 144
722 978
722 64
723 724
723 153
723 408
723 659
723 963
723 630
723 467
723 431
723 226
724 630
724 747
724 610
724 153
724 408
724 480
724 629
724 473
724 780
725 835
725 446
725 160
725 856
725 782
725 298
725 980
725 672
725 514
726 857
726 789
726 1
726 58
726 706
726 896
726 960
726 351
726 471
727 306
727 795
727 376
727 616
727 786
727 883
727 606
727 388
727 972
728 179
728 375
728 181
728 176
728 400
728 175
728 379
728 384
728 367
729 837
729 612
729 9
729 589
729 484
729 624
729 81
729 308
729 873
730 49
730 8
730 705
730 102
730 319
730 981
730 335
730 595
730 345
731 652
731 581
731 679
731 909
731 209
731 151
731 448
731 425
731 848
732 138
732 320
732 333
732 763
732 991
732 318
732 361
732 171
732 303
733 736
733 499
733 962
733 966
733 82
733 842
733 766
733 536
733 96
734 567
734 416
734 793
734 172
734 45
734 24
734 640
734 421
734 214
735 645
735 948
735 760
735 363
735 47
735 39
735 827
735 401
735 512
736 542
736 842
736 643
736 559
736 766
736 962
736 733
736 536
736 499
737 514
737 998
737 446
737 922
737 311
737 779
737 672
737 160
737 799
738 16
738 635
738 893
738 85
738 646
738 783
738 429
738 142
738 482
739 806
739 496
739 771
739 278
739 541
739 647
739 353
739 206
739 700
740 917
740 766
740 559
740 96
740 966
740 235
740 643
740 542
740 82
741 3
741 385
741 107
741 540
741 704
741 548
741 158
741 27
741 957
742 869
742 989
742 382
742 847
742 269
742 22
742 571
742 305
742 105
743 293
743 133
743 381
743 112
743 215
743 564
743 359
743 825
743 682
744 968
744 871
744 531
744 405
744 29
744 11
744 600
744 251
744 812
745 731
745 848
745 598
745 448
745 380
745 685
745 84
745 581
745 26
746 200
746 902
746 410
746 476
746 240
746 205
746 748
746 525
746 808
747 556
747 663
747 357
747 473
747 629
747 780
747 610
747 480
747 724
748 808
748 117
748 240
748 410
748 902
748 476
748 200
748 525
748 746
749 675
749 332
749 657
749 904
749 342
749 954
749 889
749 475
749 19
750 107
750 27
750 704
750 957
750 741
750 28
750 548
750 540
750 158
751 117
751 875
751 867
751 488
751 852
751 407
751 864
751 879
751 790
752 179
752 375
752 181
752 728
752 176
752 400
752 175
752 379
752 384
752 367
753 775
753 122
753 301
753 404
753 829
753 565
753 649
753 334
753 524
754 233
754 926
754 708
754 967
754 61
754 761
754 786
754 528
754 403
755 703
755 913
755 113
755 515
755 5
755 545
755 707
755 75
755 563
756 910
756 220
756 148
756 195
756 878
756 337
756 631
756 843
756 789
757 952
757 694
757 376
757 933
757 619
757 761
757 98
757 187
757 946
758 888
758 506
758 884
758 258
758 55
758 237
758 174
758 442
758 637
759 625
759 166
759 611
759 7
759 522
759 576
759 769
759 422
759 43
760 948
760 86
760 47
760 39
760 401
760 13
760 423
760 645
760 363
761 926
761 688
761 757
761 933
761 434
761 376
761 487
761 306
761 284
762 167
762 665
762 898
762 364
762 474
762 690
762 892
762 882
762 340
763 732
763 991
763 665
763 100
763 853
763 361
763 333
763 138
763 97
764 524
764 649
764 829
764 265
764 775
764 404
764 241
764 334
764 818
765 65
765 151
765 679
765 252
765 633
765 409
765 59
765 568
765 623
766 542
766 235
766 96
766 740
766 82
766 842
766 733
766 966
766 536
767 830
767 661
767 281
767 572
767 698
767 152
767 294
767 106
767 351
768 545
768 75
768 800
768 755
768 703
768 78
768 464
768 632
768 438
769 60
769 797
769 286
769 422
769 759
769 625
769 522
769 43
769 576
770 82
770 966
770 493
770 959
770 766
770 842
770 733
770 96
770 509
771 796
771 505
771 437
771 250
771 806
771 653
771 709
771 53
771 700
772 239
772 228
772 641
772 781
772 347
772 247
772 695
772 677
772 711
773 859
773 4
773 762
773 898
773 970
773 882
773 364
773 253
773 892
774 420
774 906
774 239
774 247
774 609
774 111
774 641
774 601
774 802
775 301
775 122
775 100
775 478
775 167
775 764
775 265
775 829
775 404
776 838
776 826
776 31
776 233
776 692
776 674
776 508
776 539
776 238
777 207
777 686
777 281
777 57
777 294
777 297
777 985
777 936
777 830
778 178
778 693
778 912
778 26
778 168
778 910
778 399
778 530
778 701
779 856
779 799
779 672
779 446
779 311
779 737
779 298
779 160
779 514
780 630
780 747
780 610
780 153
780 408
780 480
780 629
780 473
780 724
781 239
781 228
781 641
781 347
781 772
781 247
781 695
781 677
781 711
782 672
782 856
782 298
782 551
782 108
782 980
782 947
782 725
782 514
783 482
783 120
783 142
783 16
783 211
783 893
783 85
783 738
783 635
784 239
784 228
784 641
784 781
784 347
784 772
784 247
784 695
784 677
784 711
785 179
785 375
785 181
785 728
785 176
785 400
785 175
785 379
785 384
785 367
786 933
786 926
786 284
786 727
786 487
786 560
786 887
786 761
786 306
787 950
787 544
787 419
787 149
787 304
787 969
787 300
787 68
787 150
788 855
788 221
788 616
788 516
788 897
788 38
788 56
788 931
788 243
789 106
789 355
789 845
789 74
789 471
789 195
789 706
789 148
789 264
790 525
790 718
790 879
790 751
790 852
790 864
790 488
790 748
790 875
791 322
791 133
791 456
791 433
791 48
791 886
791 990
791 272
791 974
792 937
792 91
792 942
792 924
792 953
792 702
792 79
792 993
792 639
793 591
793 413
793 699
793 421
793 445
793 567
793 807
793 214
793 599
794 179
794 375
794 181
794 728
794 176
794 400
794 175
794 379
794 384
794 367
795 616
795 388
795 221
795 153
795 408
795 855
795 354
795 243
795 972
796 914
796 453
796 21
796 537
796 213
796 250
796 803
796 437
796 256
797 625
797 201
797 576
797 522
797 697
797 562
797 769
797 43
797 36
798 376
798 62
798 727
798 159
798 688
798 606
798 866
798 388
798 972
799 510
799 779
799 298
799 672
799 856
799 160
799 446
799 514
799 835
800 703
800 113
800 515
800 5
800 545
800 707
800 75
800 563
800 913
801 409
801 66
801 469
801 491
801 890
801 486
801 466
801 716
801 246
802 239
802 424
802 420
802 609
802 601
802 784
802 111
802 677
802 711
803 21
803 213
803 796
803 537
803 256
803 242
803 914
803 328
803 511
804 60
804 36
804 276
804 447
804 204
804 995
804 7
804 154
804 262
805 179
805 375
805 181
805 728
805 176
805 400
805 175
805 379
805 384
805 367
806 352
806 353
806 206
806 53
806 496
806 147
806 278
806 396
806 668
807 229
807 121
807 590
807 323
807 591
807 445
807 358
807 599
807 979
808 240
808 205
808 476
808 902
808 868
808 748
808 746
808 525
808 410
809 325
809 112
809 381
809 133
809 293
809 682
809 322
809 951
809 859
810 679
810 126
810 65
810 870
810 90
810 427
810 929
810 811
810 40
811 40
811 546
811 42
811 870
811 994
811 257
811 282
811 126
811 427
812 968
812 871
812 531
812 405
812 29
812 11
812 600
812 251
812 744
813 233
813 816
813 776
813 838
813 136
813 87
813 302
813 626
813 683
814 301
814 565
814 649
814 334
814 369
814 532
814 956
814 52
814 527
815 517
815 857
815 500
815 211
815 671
815 141
815 89
815 391
815 199
816 10
816 683
816 826
816 692
816 508
816 539
816 87
816 626
816 238
817 179
817 375
817 181
817 728
817 176
817 400
817 175
817 379
817 384
817 367
818 649
818 334
818 478
818 362
818 764
818 241
818 775
818 265
818 404
819 179
819 375
819 181
819 728
819 176
819 400
819 175
819 379
819 384
819 367
820 178
820 260
820 245
820 143
820 656
820 681
820 494
820 450
820 259
821 179
821 375
821 181
821 728
821 176
821 400
821 175
821 379
821 384
821 367
822 179
822 375
822 181
822 728
822 176
822 400
822 175
822 379
822 384
822 367
823 652
823 568
823 143
823 769
823 611
823 43
823 576
823 326
823 797
824 51
824 131
824 46
824 186
824 949
824 193
824 366
824 67
824 132
825 381
825 951
825 359
825 869
825 112
825 22
825 682
825 133
825 847
826 358
826 233
826 508
826 238
826 776
826 31
826 539
826 674
826 692
827 645
827 948
827 760
827 363
827 47
827 39
827 401
827 735
827 512
828 550
828 109
828 50
828 854
828 944
828 140
828 846
828 880
828 219
829 753
829 524
829 265
829 138
829 775
829 404
829 361
829 100
829 122
830 188
830 936
830 294
830 152
830 767
830 698
830 661
830 572
830 281
831 929
831 201
831 810
831 151
831 973
831 697
831 679
831 90
831 209
832 275
832 140
832 658
832 109
832 880
832 197
832 50
832 614
832 219
833 211
833 783
833 142
833 16
833 120
833 635
833 85
833 547
833 927
834 758
834 884
834 977
834 283
834 660
834 920
834 271
834 442
834 712
835 514
835 414
835 620
835 298
835 446
835 934
835 856
835 510
835 940
836 128
836 706
836 471
836 631
836 789
836 355
836 485
836 696
836 74
837 873
837 484
837 624
837 612
837 729
837 308
837 81
837 589
837 9
838 826
838 508
838 926
838 136
838 233
838 248
838 302
838 674
838 31
839 49
839 705
839 8
839 11
839 930
839 531
839 871
839 968
839 70
840 985
840 460
840 297
840 936
840 670
840 557
840 292
840 377
840 73
841 291
841 159
841 226
841 162
841 963
841 798
841 723
841 467
841 659
842 740
842 82
842 235
842 96
842 766
842 536
842 966
842 733
842 959
843 510
843 298
843 835
843 551
843 980
843 782
843 725
843 856
843 145
844 179
844 375
844 181
844 728
844 176
844 400
844 175
844 379
844 384
844 367
845 294
845 593
845 368
845 57
845 767
845 572
845 277
845 106
845 264
846 219
846 140
846 109
846 880
846 275
846 550
846 828
846 854
846 999
847 395
847 859
847 970
847 742
847 22
847 989
847 869
847 305
847 825
848 313
848 26
848 84
848 731
848 909
848 581
848 425
848 598
848 448
849 745
849 116
849 110
849 891
849 23
849 925
849 380
849 605
849 220
850 179
850 375
850 181
850 728
850 176
850 400
850 175
850 379
850 384
850 367
851 179
851 375
851 181
851 728
851 176
851 400
851 175
851 379
851 384
851 367
852 117
852 718
852 790
852 751
852 407
852 875
852 488
852 864
852 879
853 171
853 138
853 991
853 898
853 394
853 763
853 622
853 333
853 503
854 197
854 219
854 832
854 828
854 880
854 999
854 846
854 275
854 550
855 357
855 788
855 218
855 56
855 243
855 38
855 897
855 516
855 221
856 940
856 835
856 510
856 799
856 672
856 160
856 514
856 446
856 298
857 896
857 329
857 786
857 560
857 58
857 517
857 289
857 1
857 887
858 325
858 4
858 300
858 435
858 722
858 978
858 389
858 144
858 860
859 809
859 253
859 293
859 970
859 381
859 325
859 112
859 951
859 133
860 465
860 978
860 72
860 203
860 144
860 64
860 435
860 317
860 722
861 239
861 228
861 641
861 781
861 347
861 772
861 247
861 695
861 677
861 711
862 935
862 764
862 241
862 301
862 565
862 818
862 649
862 334
862 362
863 679
863 151
863 581
863 714
863 397
863 65
863 684
863 945
863 37
864 117
864 879
864 751
864 790
864 875
864 407
864 852
864 718
864 488
865 239
865 228
865 641
865 781
865 347
865 772
865 247
865 695
865 677
865 711
866 933
866 376
866 694
866 972
866 727
866 606
866 159
866 798
866 388
867 751
867 117
867 864
867 808
867 488
867 410
867 525
867 879
867 852
868 525
868 748
868 476
868 746
868 808
868 205
868 902
868 410
868 240
869 133
869 22
869 859
869 682
869 305
869 825
869 325
869 847
869 989
870 810
870 257
870 40
870 282
870 994
870 126
870 546
870 427
870 811
871 8
871 102
871 981
871 930
871 705
871 70
871 968
871 531
871 49
872 179
872 375
872 181
872 728
872 176
872 400
872 175
872 379
872 384
872 367
873 837
873 612
873 624
873 484
873 589
873 9
873 729
873 308
873 81
874 75
874 113
874 119
874 800
874 210
874 331
874 545
874 707
874 913
875 205
875 852
875 488
875 476
875 71
875 561
875 864
875 407
875 718
876 170
876 650
876 268
876 418
876 517
876 518
876 708
876 342
876 329
877 185
877 814
877 527
877 459
877 469
877 715
877 801
877 246
877 491
878 939
878 638
878 276
878 20
878 575
878 402
878 76
878 314
878 17
879 407
879 808
879 488
879 525
879 751
879 867
879 410
879 864
879 852
880 614
880 109
880 832
880 197
880 275
880 140
880 50
880 219
880 658
881 556
881 663
881 735
881 928
881 827
881 512
881 145
881 208
881 217
882 989
882 340
882 773
882 762
882 892
882 690
882 364
882 253
882 970
883 933
883 487
883 284
883 988
883 470
883 376
883 606
883 616
883 688
884 888
884 506
884 258
884 55
884 237
884 174
884 442
884 758
884 637
885 734
885 172
885 699
885 586
885 416
885 569
885 596
885 509
885 640
886 157
886 991
886 622
886 171
886 971
886 456
886 433
886 272
886 974
887 560
887 883
887 284
887 1
887 926
887 470
887 487
887 988
887 44
888 506
888 884
888 258
888 55
888 237
888 174
888 442
888 758
888 637
889 377
889 380
889 299
889 245
889 597
889 116
889 342
889 904
889 586
890 409
890 437
890 716
890 246
890 466
890 653
890 66
890 901
890 486
891 745
891 849
891 54
891 380
891 110
891 628
891 23
891 605
891 116
892 989
892 773
892 364
892 474
892 970
892 762
892 690
892 340
892 882
893 958
893 211
893 120
893 6
893 85
893 142
893 783
893 16
893 635
894 825
894 429
894 359
894 570
894 636
894 564
894 18
894 215
894 743
895 257
895 811
895 870
895 40
895 143
895 32
895 427
895 546
895 494
896 307
896 406
896 887
896 289
896 960
896 726
896 58
896 1
896 351
897 56
897 788
897 221
897 543
897 516
897 137
897 855
897 38
897 374
898 882
898 253
898 333
898 762
898 773
898 364
898 853
898 503
898 394
899 335
899 319
899 730
899 595
899 669
899 345
899 146
899 552
899 35
900 179
900 375
900 181
900 728
900 176
900 400
900 175
900 379
900 384
900 367
901 778
901 701
901 328
901 914
901 242
901 168
901 66
901 399
901 716
902 205
902 808
902 410
902 476
902 240
902 525
902 748
902 746
902 868
903 231
903 165
903 987
903 324
903 463
903 455
903 644
903 519
903 288
904 402
904 143
904 500
904 299
904 681
904 342
904 245
904 652
904 889
905 599
905 674
905 169
905 979
905 590
905 121
905 229
905 358
905 323
906 239
906 228
906 641
906 781
906 347
906 772
906 247
906 695
906 677
906 711
907 187
907 688
907 933
907 952
907 761
907 915
907 284
907 306
907 694
908 360
908 962
908 173
908 954
908 499
908 736
908 224
908 596
908 911
909 581
909 831
909 679
909 448
909 209
909 848
909 151
909 425
909 731
910 16
910 120
910 530
910 635
910 701
910 168
910 778
910 26
910 685
911 536
911 538
911 643
911 559
911 499
911 736
911 224
911 917
911 962
912 6
912 720
912 638
912 778
912 393
912 20
912 330
912 513
912 693
913 800
913 703
913 113
913 515
913 5
913 545
913 707
913 75
913 563
914 654
914 511
914 256
914 178
914 399
914 803
914 242
914 328
914 537
915 487
915 98
915 187
915 977
915 933
915 907
915 946
915 306
915 284
916 365
916 244
916 172
916 451
916 793
916 445
916 421
916 214
916 24
917 911
917 82
917 235
917 962
917 538
917 542
917 643
917 740
917 559
918 179
918 375
918 181
918 728
918 176
918 400
918 175
918 379
918 384
918 367
919 239
919 228
919 641
919 781
919 347
919 772
919 247
919 695
919 677
919 711
920 174
920 266
920 884
920 660
920 271
920 712
920 977
920 283
920 834
921 179
921 375
921 181
921 728
921 176
921 400
921 175
921 379
921 384
921 367
922 940
922 672
922 160
922 779
922 558
922 934
922 446
922 737
922 311
923 948
923 86
923 47
923 39
923 401
923 13
923 423
923 760
923 645
923 363
924 79
924 62
924 159
924 639
924 993
924 702
924 953
924 942
924 792
925 220
925 297
925 277
925 845
925 207
925 936
925 73
925 57
925 849
926 838
926 248
926 136
926 487
926 31
926 233
926 434
926 988
926 470
927 59
927 425
927 66
927 693
927 633
927 833
927 252
927 409
927 547
928 938
928 267
928 234
928 735
928 827
928 341
928 512
928 451
928 156
929 870
929 352
929 40
929 147
929 90
929 810
929 697
929 427
929 668
930 8
930 102
930 981
930 871
930 705
930 70
930 968
930 531
930 49
931 516
931 38
931 248
931 470
931 56
931 988
931 137
931 543
931 788
932 708
932 418
932 284
932 403
932 933
932 761
932 477
932 560
932 517
933 487
933 306
933 761
933 907
933 284
933 376
933 688
933 694
933 477
934 504
934 414
934 311
934 446
934 594
934 620
934 835
934 940
934 510
935 167
935 984
935 892
935 454
935 762
935 362
935 340
935 665
935 474
936 294
936 985
936 57
936 73
936 297
936 925
936 277
936 207
936 188
937 98
937 412
937 346
937 468
937 187
937 91
937 993
937 952
937 942
938 710
938 287
938 33
938 495
938 234
938 451
938 156
938 445
938 267
939 647
939 278
939 575
939 198
939 206
939 161
939 353
939 541
939 496
940 594
940 298
940 856
940 446
940 414
940 934
940 510
940 620
940 835
941 179
941 375
941 181
941 728
941 176
941 400
941 175
941 379
941 384
941 367
942 346
942 468
942 91
942 702
942 953
942 792
942 924
942 937
942 993
943 750
943 51
943 28
943 193
943 949
943 443
943 186
943 25
943 131
944 828
944 327
944 441
944 880
944 219
944 103
944 50
944 658
944 140
945 209
945 679
945 714
945 863
945 684
945 581
945 397
945 151
945 37
946 412
946 468
946 98
946 187
946 757
946 370
946 619
946 952
946 346
947 871
947 70
947 968
947 531
947 980
947 782
947 11
947 725
947 551
948 86
948 47
948 39
948 401
948 13
948 423
948 760
948 645
948 363
949 824
949 25
949 366
949 51
949 943
949 186
949 67
949 131
949 193
950 300
950 265
950 100
950 829
950 122
950 304
950 655
950 544
950 419
951 682
951 325
951 859
951 112
951 133
951 322
951 381
951 293
951 809
952 412
952 346
952 468
952 907
952 619
952 370
952 187
952 98
952 946
953 79
953 159
953 62
953 993
953 924
953 702
953 639
953 792
953 942
954 54
954 342
954 224
954 475
954 360
954 675
954 19
954 749
954 908
955 179
955 375
955 181
955 728
955 176
955 400
955 175
955 379
955 384
955 367
956 753
956 775
956 478
956 301
956 565
956 334
956 52
956 814
956 649
957 3
957 385
957 107
957 540
957 704
957 548
957 158
957 27
957 741
958 211
958 685
958 6
958 635
958 701
958 910
958 16
958 530
958 671
959 514
959 536
959 799
959 82
959 766
959 966
959 733
959 96
959 842
960 767
960 152
960 896
960 471
960 726
960 307
960 1
960 351
960 706
961 169
961 710
961 268
961 793
961 497
961 699
961 967
961 170
961 398
962 82
962 542
962 733
962 536
962 559
962 736
962 766
962 643
962 499
963 556
963 663
963 659
963 431
963 467
963 723
963 630
963 226
963 841
964 758
964 55
964 174
964 266
964 502
964 411
964 449
964 888
964 225
965 179
965 375
965 181
965 728
965 176
965 400
965 175
965 379
965 384
965 367
966 643
966 733
966 542
966 842
966 766
966 96
966 740
966 235
966 82
967 508
967 826
967 238
967 170
967 776
967 539
967 710
967 528
967 961
968 8
968 102
968 981
968 871
968 930
968 705
968 70
968 531
968 49
969 853
969 950
969 333
969 361
969 419
969 318
969 732
969 304
969 544
970 305
970 253
970 859
970 882
970 989
970 892
970 690
970 22
970 773
971 974
971 433
971 157
971 991
971 886
971 303
971 622
971 272
971 171
972 153
972 727
972 408
972 616
972 606
972 354
972 243
972 795
972 388
973 496
973 638
973 668
973 198
973 831
973 697
973 161
973 575
973 201
974 791
974 394
974 990
974 886
974 456
974 622
974 971
974 433
974 272
975 179
975 375
975 181
975 728
975 176
975 400
975 175
975 379
975 384
975 367
976 179
976 375
976 181
976 728
976 176
976 400
976 175
976 379
976 384
976 367
977 626
977 683
977 834
977 660
977 920
977 283
977 296
977 712
977 271
978 939
978 739
978 541
978 64
978 72
978 144
978 722
978 860
978 647
979 692
979 508
979 229
979 905
979 121
979 169
979 590
979 358
979 323
980 703
980 707
980 545
980 119
980 331
980 551
980 874
980 210
980 725
981 968
981 705
981 531
981 8
981 49
981 70
981 102
981 335
981 930
982 179
982 375
982 181
982 728
982 176
982 400
982 175
982 379
982 384
982 367
983 362
983 673
983 101
983 387
983 862
983 343
983 526
983 295
983 339
984 935
984 340
984 690
984 474
984 454
984 478
984 762
984 892
984 665
985 578
985 670
985 734
985 686
985 297
985 936
985 73
985 207
985 188
986 86
986 363
986 39
986 948
986 645
986 378
986 760
986 462
986 923
987 273
987 324
987 519
987 455
987 463
987 231
987 644
987 288
987 903
988 838
988 136
988 883
988 248
988 434
988 931
988 487
988 926
988 470
989 859
989 869
989 847
989 892
989 882
989 22
989 305
989 690
989 970
990 809
990 381
990 293
990 325
990 322
990 859
990 951
990 133
990 48
991 138
991 157
991 320
991 303
991 622
991 318
991 171
991 732
991 361
992 870
992 895
992 494
992 59
992 32
992 681
992 409
992 765
992 633
993 412
993 346
993 91
993 937
993 792
993 702
993 924
993 953
993 942
994 450
994 535
994 42
994 546
994 257
994 870
994 282
994 811
994 126
995 804
995 262
995 422
995 204
995 483
995 7
995 611
995 447
995 154
996 559
996 917
996 643
996 542
996 235
996 740
996 538
996 998
996 189
997 179
997 375
997 181
997 728
997 176
997 400
997 175
997 379
997 384
997 367
998 82
998 542
998 189
998 538
998 966
998 740
998 996
998 235
998 737
999 219
999 109
999 550
999 140
999 658
999 880
999 846
999 275
999 854
